Time	HWP_P	HWP_a1	QWP_a1	HWP_a2	QWP_a2	Single Count 1	Single Count 2	Single Count 3	Single Count 4	Sum	Coincidence Count 1	Coincidence Count 2	Coincidence Count 3	Coincidence Count 4	Coincidence Sum
7082,3440	0,0000	22,5000	0,0000	22,5000	0,0000	1,0000	6,0000	86,0000	0,0000	93,0000	1,0000	0,0000	5,0000	0,0000	1,0000
7083,4530	0,0000	22,5000	0,0000	22,5000	0,0000	1,0000	4,0000	42,0000	0,0000	47,0000	1,0000	0,0000	4,0000	0,0000	1,0000
7084,5730	0,0000	22,5000	0,0000	22,5000	0,0000	0,0000	9,0000	26,0000	0,0000	35,0000	0,0000	1,0000	5,0000	0,0000	1,0000
7085,6920	0,0000	22,5000	0,0000	22,5000	0,0000	0,0000	21,0000	247,0000	0,0000	268,0000	0,0000	1,0000	14,0000	0,0000	1,0000
7086,8030	0,0000	22,5000	0,0000	22,5000	0,0000	1,0000	9,0000	162,0000	0,0000	172,0000	0,0000	1,0000	4,0000	0,0000	1,0000
7087,9230	0,0000	22,5000	0,0000	22,5000	0,0000	0,0000	1,0000	6,0000	0,0000	7,0000	0,0000	1,0000	1,0000	0,0000	1,0000
7089,0430	0,0000	22,5000	0,0000	22,5000	0,0000	0,0000	2,0000	4,0000	0,0000	6,0000	0,0000	1,0000	2,0000	0,0000	1,0000
7090,1630	0,0000	22,5000	0,0000	22,5000	0,0000	0,0000	2,0000	47,0000	0,0000	49,0000	0,0000	1,0000	2,0000	0,0000	1,0000
7091,2720	0,0000	22,5000	0,0000	22,5000	0,0000	1,0000	7,0000	103,0000	0,0000	111,0000	0,0000	1,0000	5,0000	0,0000	1,0000
7092,3820	0,0000	22,5000	0,0000	22,5000	0,0000	3,0000	13,0000	148,0000	0,0000	164,0000	0,0000	1,0000	10,0000	0,0000	1,0000
7093,5330	0,0000	22,5000	0,0000	22,5000	0,0000	1,0000	5,0000	48,0000	0,0000	54,0000	0,0000	1,0000	3,0000	0,0000	1,0000
7094,7830	0,0000	22,5000	0,0000	22,5000	0,0000	4,0000	21,0000	335,0000	0,0000	360,0000	0,0000	1,0000	13,0000	0,0000	1,0000
7095,9230	0,0000	22,5000	0,0000	22,5000	0,0000	1,0000	12,0000	155,0000	0,0000	168,0000	0,0000	1,0000	7,0000	0,0000	1,0000
7097,0530	0,0000	22,5000	0,0000	22,5000	0,0000	0,0000	13,0000	87,0000	0,0000	100,0000	0,0000	1,0000	8,0000	0,0000	1,0000
7098,1730	0,0000	22,5000	0,0000	22,5000	0,0000	0,0000	8,0000	102,0000	0,0000	110,0000	0,0000	1,0000	6,0000	0,0000	1,0000
7099,2920	0,0000	22,5000	0,0000	22,5000	0,0000	0,0000	9,0000	103,0000	0,0000	112,0000	0,0000	1,0000	5,0000	0,0000	1,0000
7100,4030	0,0000	22,5000	0,0000	22,5000	0,0000	0,0000	3,0000	35,0000	0,0000	38,0000	0,0000	1,0000	2,0000	0,0000	1,0000
7101,5220	0,0000	22,5000	0,0000	22,5000	0,0000	2,0000	25,0000	216,0000	0,0000	243,0000	0,0000	1,0000	17,0000	0,0000	1,0000
7102,6530	0,0000	22,5000	0,0000	22,5000	0,0000	3,0000	3,0000	76,0000	0,0000	82,0000	0,0000	1,0000	2,0000	0,0000	1,0000
7103,7730	0,0000	22,5000	0,0000	22,5000	0,0000	3,0000	12,0000	272,0000	0,0000	287,0000	0,0000	1,0000	9,0000	0,0000	1,0000
7104,8920	0,0000	22,5000	0,0000	22,5000	0,0000	2,0000	13,0000	272,0000	0,0000	287,0000	0,0000	1,0000	12,0000	0,0000	1,0000
7106,0140	0,0000	22,5000	0,0000	22,5000	0,0000	1,0000	12,0000	159,0000	0,0000	172,0000	0,0000	1,0000	9,0000	0,0000	1,0000
7107,1240	0,0000	22,5000	0,0000	22,5000	0,0000	3,0000	12,0000	213,0000	0,0000	228,0000	0,0000	1,0000	7,0000	0,0000	1,0000
7108,2330	0,0000	22,5000	0,0000	22,5000	0,0000	0,0000	1,0000	26,0000	0,0000	27,0000	0,0000	1,0000	1,0000	0,0000	1,0000
7109,3530	0,0000	22,5000	0,0000	22,5000	0,0000	3,0000	8,0000	148,0000	0,0000	159,0000	1,0000	0,0000	4,0000	0,0000	1,0000
7110,4820	0,0000	22,5000	0,0000	22,5000	0,0000	0,0000	14,0000	153,0000	0,0000	167,0000	0,0000	1,0000	4,0000	0,0000	1,0000
7111,5930	0,0000	22,5000	0,0000	22,5000	0,0000	1,0000	12,0000	109,0000	0,0000	122,0000	0,0000	1,0000	8,0000	0,0000	1,0000
7112,7330	0,0000	22,5000	0,0000	22,5000	0,0000	0,0000	2,0000	47,0000	0,0000	49,0000	0,0000	1,0000	2,0000	0,0000	1,0000
7113,9530	0,0000	22,5000	0,0000	22,5000	0,0000	0,0000	1,0000	22,0000	0,0000	23,0000	0,0000	1,0000	1,0000	0,0000	1,0000
7115,1530	0,0000	22,5000	0,0000	22,5000	0,0000	2,0000	5,0000	93,0000	0,0000	100,0000	0,0000	1,0000	5,0000	0,0000	1,0000
7116,3930	0,0000	22,5000	0,0000	22,5000	0,0000	0,0000	2,0000	40,0000	0,0000	42,0000	0,0000	1,0000	2,0000	0,0000	1,0000
7117,5230	0,0000	22,5000	0,0000	22,5000	0,0000	1,0000	5,0000	95,0000	0,0000	101,0000	0,0000	1,0000	4,0000	0,0000	1,0000
7118,6530	0,0000	22,5000	0,0000	22,5000	0,0000	0,0000	4,0000	27,0000	0,0000	31,0000	0,0000	1,0000	2,0000	0,0000	1,0000
7119,7730	0,0000	22,5000	0,0000	22,5000	0,0000	1,0000	10,0000	168,0000	0,0000	179,0000	0,0000	1,0000	3,0000	0,0000	1,0000
7120,8920	0,0000	22,5000	0,0000	22,5000	0,0000	0,0000	6,0000	76,0000	0,0000	82,0000	0,0000	1,0000	5,0000	0,0000	1,0000
7122,0020	0,0000	22,5000	0,0000	22,5000	0,0000	2,0000	16,0000	275,0000	0,0000	293,0000	0,0000	1,0000	11,0000	0,0000	1,0000
7123,1230	0,0000	22,5000	0,0000	22,5000	0,0000	3,0000	12,0000	140,0000	0,0000	155,0000	0,0000	1,0000	6,0000	0,0000	1,0000
7124,2430	0,0000	22,5000	0,0000	22,5000	0,0000	0,0000	1,0000	17,0000	0,0000	18,0000	0,0000	1,0000	1,0000	0,0000	1,0000
7125,3620	0,0000	22,5000	0,0000	22,5000	0,0000	3,0000	19,0000	193,0000	0,0000	215,0000	0,0000	1,0000	12,0000	0,0000	1,0000
7126,5120	0,0000	22,5000	0,0000	22,5000	0,0000	5,0000	26,0000	332,0000	0,0000	363,0000	0,0000	1,0000	14,0000	0,0000	1,0000
7127,6330	0,0000	22,5000	0,0000	22,5000	0,0000	0,0000	3,0000	42,0000	0,0000	45,0000	0,0000	1,0000	2,0000	0,0000	1,0000
7128,7530	0,0000	22,5000	0,0000	22,5000	0,0000	1,0000	3,0000	36,0000	0,0000	40,0000	0,0000	1,0000	3,0000	0,0000	1,0000
7129,8700	0,0000	22,5000	0,0000	22,5000	0,0000	2,0000	15,0000	173,0000	0,0000	190,0000	0,0000	1,0000	12,0000	0,0000	1,0000
7130,9830	0,0000	22,5000	0,0000	22,5000	0,0000	0,0000	4,0000	46,0000	0,0000	50,0000	0,0000	1,0000	3,0000	0,0000	1,0000
7132,1430	0,0000	22,5000	0,0000	22,5000	0,0000	0,0000	20,0000	304,0000	0,0000	324,0000	0,0000	1,0000	12,0000	0,0000	1,0000
7133,3430	0,0000	22,5000	0,0000	22,5000	0,0000	0,0000	4,0000	57,0000	0,0000	61,0000	0,0000	1,0000	4,0000	0,0000	1,0000
7134,5330	0,0000	22,5000	0,0000	22,5000	0,0000	0,0000	7,0000	186,0000	0,0000	193,0000	0,0000	1,0000	4,0000	0,0000	1,0000
7135,6840	0,0000	22,5000	0,0000	22,5000	0,0000	1,0000	10,0000	91,0000	0,0000	102,0000	1,0000	0,0000	8,0000	0,0000	1,0000
7136,8030	0,0000	22,5000	0,0000	22,5000	0,0000	1,0000	5,0000	70,0000	0,0000	76,0000	0,0000	1,0000	2,0000	0,0000	1,0000
7137,9230	0,0000	22,5000	0,0000	22,5000	0,0000	2,0000	17,0000	196,0000	0,0000	215,0000	0,0000	1,0000	12,0000	0,0000	1,0000
7139,0610	0,0000	22,5000	0,0000	22,5000	0,0000	1,0000	26,0000	322,0000	0,0000	349,0000	0,0000	1,0000	22,0000	0,0000	1,0000
7140,1730	0,0000	22,5000	0,0000	22,5000	0,0000	2,0000	25,0000	432,0000	0,0000	459,0000	0,0000	1,0000	17,0000	0,0000	1,0000
7141,3230	0,0000	22,5000	0,0000	22,5000	0,0000	1,0000	27,0000	361,0000	0,0000	389,0000	0,0000	1,0000	15,0000	0,0000	1,0000
7142,4430	0,0000	22,5000	0,0000	22,5000	0,0000	4,0000	4,0000	107,0000	0,0000	115,0000	0,0000	1,0000	3,0000	0,0000	1,0000
7143,5620	0,0000	22,5000	0,0000	22,5000	0,0000	0,0000	6,0000	68,0000	0,0000	74,0000	0,0000	1,0000	3,0000	0,0000	1,0000
7144,6720	0,0000	22,5000	0,0000	22,5000	0,0000	2,0000	2,0000	40,0000	0,0000	44,0000	1,0000	0,0000	2,0000	0,0000	1,0000
7145,7830	0,0000	22,5000	0,0000	22,5000	0,0000	1,0000	12,0000	163,0000	0,0000	176,0000	0,0000	1,0000	9,0000	0,0000	1,0000
7146,9230	0,0000	22,5000	0,0000	22,5000	0,0000	1,0000	6,0000	54,0000	0,0000	61,0000	1,0000	0,0000	5,0000	0,0000	1,0000
7148,0730	0,0000	22,5000	0,0000	22,5000	0,0000	1,0000	6,0000	106,0000	0,0000	113,0000	1,0000	0,0000	4,0000	0,0000	1,0000
7149,1830	0,0000	22,5000	0,0000	22,5000	0,0000	1,0000	4,0000	75,0000	0,0000	80,0000	0,0000	1,0000	4,0000	0,0000	1,0000
7150,3020	0,0000	22,5000	0,0000	22,5000	0,0000	2,0000	19,0000	437,0000	0,0000	458,0000	0,0000	1,0000	14,0000	0,0000	1,0000
7151,4460	0,0000	22,5000	0,0000	22,5000	0,0000	0,0000	6,0000	115,0000	0,0000	121,0000	0,0000	1,0000	5,0000	0,0000	1,0000
7152,5620	0,0000	22,5000	0,0000	22,5000	0,0000	2,0000	7,0000	112,0000	0,0000	121,0000	1,0000	0,0000	7,0000	0,0000	1,0000
7153,7220	0,0000	22,5000	0,0000	22,5000	0,0000	0,0000	4,0000	41,0000	0,0000	45,0000	0,0000	1,0000	3,0000	0,0000	1,0000
7154,8430	0,0000	22,5000	0,0000	22,5000	0,0000	0,0000	12,0000	210,0000	0,0000	222,0000	0,0000	1,0000	6,0000	0,0000	1,0000
7155,9630	0,0000	22,5000	0,0000	22,5000	0,0000	1,0000	15,0000	158,0000	0,0000	174,0000	0,0000	1,0000	14,0000	0,0000	1,0000
7157,0820	0,0000	22,5000	0,0000	22,5000	0,0000	2,0000	5,0000	53,0000	0,0000	60,0000	0,0000	1,0000	4,0000	0,0000	1,0000
7158,1930	0,0000	22,5000	0,0000	22,5000	0,0000	3,0000	25,0000	394,0000	0,0000	422,0000	0,0000	1,0000	20,0000	0,0000	1,0000
7159,3330	0,0000	22,5000	0,0000	22,5000	0,0000	1,0000	6,0000	56,0000	0,0000	63,0000	0,0000	1,0000	4,0000	0,0000	1,0000
7160,4530	0,0000	22,5000	0,0000	22,5000	0,0000	4,0000	22,0000	283,0000	0,0000	309,0000	1,0000	0,0000	18,0000	0,0000	1,0000
7161,5730	0,0000	22,5000	0,0000	22,5000	0,0000	2,0000	1,0000	35,0000	0,0000	38,0000	1,0000	0,0000	0,0000	0,0000	1,0000
7162,6920	0,0000	22,5000	0,0000	22,5000	0,0000	0,0000	1,0000	2,0000	0,0000	3,0000	0,0000	1,0000	1,0000	0,0000	1,0000
7163,8020	0,0000	22,5000	0,0000	22,5000	0,0000	1,0000	9,0000	84,0000	0,0000	94,0000	0,0000	1,0000	7,0000	0,0000	1,0000
7164,9330	0,0000	22,5000	0,0000	22,5000	0,0000	0,0000	3,0000	21,0000	0,0000	24,0000	0,0000	1,0000	3,0000	0,0000	1,0000
7166,0430	0,0000	22,5000	0,0000	22,5000	0,0000	0,0000	5,0000	132,0000	0,0000	137,0000	0,0000	1,0000	4,0000	0,0000	1,0000
7167,1720	0,0000	22,5000	0,0000	22,5000	0,0000	1,0000	4,0000	73,0000	0,0000	78,0000	1,0000	0,0000	2,0000	0,0000	1,0000
7168,2920	0,0000	22,5000	0,0000	22,5000	0,0000	1,0000	4,0000	52,0000	0,0000	57,0000	0,0000	1,0000	4,0000	0,0000	1,0000
7169,4030	0,0000	22,5000	0,0000	22,5000	0,0000	2,0000	45,0000	740,0000	0,0000	787,0000	0,0000	1,0000	28,0000	0,0000	1,0000
7170,5230	0,0000	22,5000	0,0000	22,5000	0,0000	0,0000	1,0000	9,0000	0,0000	10,0000	0,0000	1,0000	1,0000	0,0000	1,0000
7171,6530	0,0000	22,5000	0,0000	22,5000	0,0000	3,0000	7,0000	83,0000	0,0000	93,0000	0,0000	1,0000	5,0000	0,0000	1,0000
7172,7730	0,0000	22,5000	0,0000	22,5000	0,0000	2,0000	20,0000	221,0000	0,0000	243,0000	0,0000	1,0000	13,0000	0,0000	1,0000
7173,8920	0,0000	22,5000	0,0000	22,5000	0,0000	5,0000	17,0000	258,0000	0,0000	280,0000	0,0000	1,0000	14,0000	0,0000	1,0000
7175,0130	0,0000	22,5000	0,0000	22,5000	0,0000	1,0000	9,0000	44,0000	0,0000	54,0000	1,0000	0,0000	8,0000	0,0000	1,0000
7176,1330	0,0000	22,5000	0,0000	22,5000	0,0000	2,0000	15,0000	235,0000	0,0000	252,0000	0,0000	1,0000	12,0000	0,0000	1,0000
7177,2520	0,0000	22,5000	0,0000	22,5000	0,0000	4,0000	22,0000	382,0000	0,0000	408,0000	0,0000	1,0000	16,0000	0,0000	1,0000
7178,3750	0,0000	22,5000	0,0000	22,5000	0,0000	6,0000	17,0000	196,0000	0,0000	219,0000	0,0000	1,0000	10,0000	0,0000	1,0000
7179,4820	0,0000	22,5000	0,0000	22,5000	0,0000	3,0000	4,0000	140,0000	0,0000	147,0000	0,0000	1,0000	4,0000	0,0000	1,0000
7180,6030	0,0000	22,5000	0,0000	22,5000	0,0000	6,0000	39,0000	500,0000	0,0000	545,0000	0,0000	1,0000	22,0000	0,0000	1,0000
7181,7330	0,0000	22,5000	0,0000	22,5000	0,0000	2,0000	26,0000	447,0000	0,0000	475,0000	0,0000	1,0000	17,0000	0,0000	1,0000
7182,8730	0,0000	22,5000	0,0000	22,5000	0,0000	0,0000	10,0000	194,0000	0,0000	204,0000	0,0000	1,0000	9,0000	0,0000	1,0000
7183,9940	0,0000	22,5000	0,0000	22,5000	0,0000	1,0000	4,0000	28,0000	0,0000	33,0000	0,0000	1,0000	3,0000	0,0000	1,0000
7185,1130	0,0000	22,5000	0,0000	22,5000	0,0000	3,0000	5,0000	145,0000	0,0000	153,0000	0,0000	1,0000	3,0000	0,0000	1,0000
7186,2600	0,0000	22,5000	0,0000	22,5000	0,0000	0,0000	10,0000	110,0000	0,0000	120,0000	0,0000	1,0000	9,0000	0,0000	1,0000
7187,3770	0,0000	22,5000	0,0000	22,5000	0,0000	1,0000	5,0000	19,0000	0,0000	25,0000	1,0000	0,0000	3,0000	0,0000	1,0000
7188,5330	0,0000	22,5000	0,0000	22,5000	0,0000	2,0000	16,0000	197,0000	0,0000	215,0000	0,0000	1,0000	10,0000	0,0000	1,0000
7189,7220	0,0000	22,5000	0,0000	22,5000	0,0000	0,0000	1,0000	10,0000	0,0000	11,0000	0,0000	1,0000	1,0000	0,0000	1,0000
7190,8540	0,0000	22,5000	0,0000	22,5000	0,0000	3,0000	11,0000	133,0000	0,0000	147,0000	0,0000	1,0000	7,0000	0,0000	1,0000
7191,9730	0,0000	22,5000	0,0000	22,5000	0,0000	0,0000	3,0000	6,0000	0,0000	9,0000	0,0000	1,0000	1,0000	0,0000	1,0000
7193,0920	0,0000	22,5000	0,0000	22,5000	0,0000	2,0000	19,0000	164,0000	0,0000	185,0000	0,0000	1,0000	14,0000	0,0000	1,0000
7194,2130	0,0000	22,5000	0,0000	22,5000	0,0000	0,0000	5,0000	25,0000	0,0000	30,0000	0,0000	1,0000	5,0000	0,0000	1,0000
7195,3330	0,0000	22,5000	0,0000	22,5000	0,0000	0,0000	4,0000	34,0000	0,0000	38,0000	0,0000	1,0000	4,0000	0,0000	1,0000
7196,4920	0,0000	22,5000	0,0000	22,5000	0,0000	1,0000	13,0000	129,0000	0,0000	143,0000	0,0000	1,0000	8,0000	0,0000	1,0000
7197,6130	0,0000	22,5000	0,0000	22,5000	0,0000	7,0000	29,0000	400,0000	0,0000	436,0000	0,0000	1,0000	21,0000	0,0000	1,0000
7198,7320	0,0000	22,5000	0,0000	22,5000	0,0000	1,0000	3,0000	97,0000	0,0000	101,0000	0,0000	1,0000	2,0000	0,0000	1,0000
7199,8750	0,0000	22,5000	0,0000	22,5000	0,0000	0,0000	1,0000	32,0000	0,0000	33,0000	0,0000	1,0000	1,0000	0,0000	1,0000
7200,9830	0,0000	22,5000	0,0000	22,5000	0,0000	5,0000	12,0000	128,0000	0,0000	145,0000	1,0000	0,0000	8,0000	0,0000	1,0000
7202,1330	0,0000	22,5000	0,0000	22,5000	0,0000	2,0000	1,0000	19,0000	0,0000	22,0000	0,0000	1,0000	1,0000	0,0000	1,0000
7203,2630	0,0000	22,5000	0,0000	22,5000	0,0000	2,0000	8,0000	56,0000	0,0000	66,0000	0,0000	1,0000	6,0000	0,0000	1,0000
7204,3930	0,0000	22,5000	0,0000	22,5000	0,0000	0,0000	2,0000	35,0000	0,0000	37,0000	0,0000	1,0000	2,0000	0,0000	1,0000
7205,5020	0,0000	22,5000	0,0000	22,5000	0,0000	2,0000	22,0000	277,0000	0,0000	301,0000	0,0000	1,0000	14,0000	0,0000	1,0000
7206,6140	0,0000	22,5000	0,0000	22,5000	0,0000	0,0000	2,0000	7,0000	0,0000	9,0000	0,0000	1,0000	1,0000	0,0000	1,0000
7207,7330	0,0000	22,5000	0,0000	22,5000	0,0000	0,0000	5,0000	45,0000	0,0000	50,0000	0,0000	1,0000	5,0000	0,0000	1,0000
7208,8530	0,0000	22,5000	0,0000	22,5000	0,0000	2,0000	13,0000	203,0000	0,0000	218,0000	0,0000	1,0000	7,0000	0,0000	1,0000
7209,9730	0,0000	22,5000	0,0000	22,5000	0,0000	8,0000	37,0000	578,0000	0,0000	623,0000	0,0000	1,0000	27,0000	0,0000	1,0000
7211,0920	0,0000	22,5000	0,0000	22,5000	0,0000	0,0000	5,0000	57,0000	0,0000	62,0000	0,0000	1,0000	5,0000	0,0000	1,0000
7212,2030	0,0000	22,5000	0,0000	22,5000	0,0000	1,0000	3,0000	33,0000	0,0000	37,0000	0,0000	1,0000	2,0000	0,0000	1,0000
7213,3330	0,0000	22,5000	0,0000	22,5000	0,0000	1,0000	11,0000	131,0000	0,0000	143,0000	0,0000	1,0000	8,0000	0,0000	1,0000
7214,5030	0,0000	22,5000	0,0000	22,5000	0,0000	2,0000	10,0000	118,0000	0,0000	130,0000	0,0000	1,0000	9,0000	0,0000	1,0000
7215,6230	0,0000	22,5000	0,0000	22,5000	0,0000	1,0000	6,0000	60,0000	0,0000	67,0000	0,0000	1,0000	5,0000	0,0000	1,0000
7216,7430	0,0000	22,5000	0,0000	22,5000	0,0000	0,0000	12,0000	114,0000	0,0000	126,0000	0,0000	1,0000	7,0000	0,0000	1,0000
7217,8750	0,0000	22,5000	0,0000	22,5000	0,0000	1,0000	2,0000	65,0000	0,0000	68,0000	1,0000	0,0000	2,0000	0,0000	1,0000
7218,9930	0,0000	22,5000	0,0000	22,5000	0,0000	0,0000	1,0000	21,0000	0,0000	22,0000	0,0000	1,0000	1,0000	0,0000	1,0000
7220,1430	0,0000	22,5000	0,0000	22,5000	0,0000	1,0000	13,0000	125,0000	0,0000	139,0000	0,0000	1,0000	12,0000	0,0000	1,0000
7221,4140	0,0000	22,5000	0,0000	22,5000	0,0000	2,0000	24,0000	332,0000	0,0000	358,0000	0,0000	1,0000	15,0000	0,0000	1,0000
7222,5530	0,0000	22,5000	0,0000	22,5000	0,0000	6,0000	39,0000	529,0000	0,0000	574,0000	0,0000	1,0000	30,0000	0,0000	1,0000
7223,7530	0,0000	22,5000	0,0000	22,5000	0,0000	0,0000	2,0000	3,0000	0,0000	5,0000	0,0000	1,0000	1,0000	0,0000	1,0000
7224,9330	0,0000	22,5000	0,0000	22,5000	0,0000	0,0000	5,0000	48,0000	0,0000	53,0000	0,0000	1,0000	4,0000	0,0000	1,0000
7226,0420	0,0000	22,5000	0,0000	22,5000	0,0000	1,0000	14,0000	124,0000	0,0000	139,0000	0,0000	1,0000	13,0000	0,0000	1,0000
7227,1630	0,0000	22,5000	0,0000	22,5000	0,0000	0,0000	3,0000	25,0000	0,0000	28,0000	0,0000	1,0000	3,0000	0,0000	1,0000
7228,2820	0,0000	22,5000	0,0000	22,5000	0,0000	2,0000	22,0000	180,0000	0,0000	204,0000	0,0000	1,0000	18,0000	0,0000	1,0000
7229,4030	0,0000	22,5000	0,0000	22,5000	0,0000	1,0000	17,0000	130,0000	0,0000	148,0000	0,0000	1,0000	7,0000	0,0000	1,0000
7230,5420	0,0000	22,5000	0,0000	22,5000	0,0000	0,0000	1,0000	8,0000	0,0000	9,0000	0,0000	1,0000	1,0000	0,0000	1,0000
7231,8890	0,0000	22,5000	0,0000	22,5000	0,0000	0,0000	8,0000	125,0000	0,0000	133,0000	0,0000	1,0000	6,0000	0,0000	1,0000
7233,0030	0,0000	22,5000	0,0000	22,5000	0,0000	1,0000	7,0000	104,0000	0,0000	112,0000	0,0000	1,0000	5,0000	0,0000	1,0000
7234,1330	0,0000	22,5000	0,0000	22,5000	0,0000	0,0000	4,0000	62,0000	0,0000	66,0000	0,0000	1,0000	2,0000	0,0000	1,0000
7235,2720	0,0000	22,5000	0,0000	22,5000	0,0000	2,0000	23,0000	252,0000	0,0000	277,0000	0,0000	1,0000	13,0000	0,0000	1,0000
7236,3930	0,0000	22,5000	0,0000	22,5000	0,0000	1,0000	24,0000	265,0000	0,0000	290,0000	0,0000	1,0000	19,0000	0,0000	1,0000
7237,5040	0,0000	22,5000	0,0000	22,5000	0,0000	2,0000	22,0000	272,0000	0,0000	296,0000	0,0000	1,0000	18,0000	0,0000	1,0000
7238,6140	0,0000	22,5000	0,0000	22,5000	0,0000	1,0000	5,0000	58,0000	0,0000	64,0000	0,0000	1,0000	3,0000	0,0000	1,0000
7239,7530	0,0000	22,5000	0,0000	22,5000	0,0000	1,0000	2,0000	35,0000	0,0000	38,0000	0,0000	1,0000	2,0000	0,0000	1,0000
7240,9720	0,0000	22,5000	0,0000	22,5000	0,0000	0,0000	2,0000	48,0000	0,0000	50,0000	0,0000	1,0000	2,0000	0,0000	1,0000
7242,1320	0,0000	22,5000	0,0000	22,5000	0,0000	2,0000	24,0000	292,0000	0,0000	318,0000	0,0000	1,0000	18,0000	0,0000	1,0000
7243,3120	0,0000	22,5000	0,0000	22,5000	0,0000	3,0000	28,0000	329,0000	0,0000	360,0000	0,0000	1,0000	20,0000	0,0000	1,0000
7244,4330	0,0000	22,5000	0,0000	22,5000	0,0000	0,0000	5,0000	40,0000	0,0000	45,0000	0,0000	1,0000	4,0000	0,0000	1,0000
7245,5530	0,0000	22,5000	0,0000	22,5000	0,0000	1,0000	11,0000	78,0000	0,0000	90,0000	0,0000	1,0000	4,0000	0,0000	1,0000
7246,6730	0,0000	22,5000	0,0000	22,5000	0,0000	0,0000	12,0000	122,0000	0,0000	134,0000	0,0000	1,0000	9,0000	0,0000	1,0000
7247,7830	0,0000	22,5000	0,0000	22,5000	0,0000	0,0000	19,0000	313,0000	0,0000	332,0000	0,0000	1,0000	13,0000	0,0000	1,0000
7248,9530	0,0000	22,5000	0,0000	22,5000	0,0000	2,0000	4,0000	52,0000	0,0000	58,0000	0,0000	1,0000	4,0000	0,0000	1,0000
7250,1230	0,0000	22,5000	0,0000	22,5000	0,0000	4,0000	21,0000	267,0000	0,0000	292,0000	0,0000	1,0000	13,0000	0,0000	1,0000
7251,2430	0,0000	22,5000	0,0000	22,5000	0,0000	1,0000	8,0000	64,0000	0,0000	73,0000	0,0000	1,0000	3,0000	0,0000	1,0000
7252,3620	0,0000	22,5000	0,0000	22,5000	0,0000	0,0000	15,0000	233,0000	0,0000	248,0000	0,0000	1,0000	12,0000	0,0000	1,0000
7253,4760	0,0000	22,5000	0,0000	22,5000	0,0000	0,0000	2,0000	4,0000	0,0000	6,0000	0,0000	1,0000	2,0000	0,0000	1,0000
7254,5930	0,0000	22,5000	0,0000	22,5000	0,0000	1,0000	0,0000	4,0000	0,0000	5,0000	1,0000	0,0000	0,0000	0,0000	1,0000
7255,7530	0,0000	22,5000	0,0000	22,5000	0,0000	13,0000	58,0000	864,0000	0,0000	935,0000	0,0000	1,0000	41,0000	0,0000	1,0000
7256,9930	0,0000	22,5000	0,0000	22,5000	0,0000	1,0000	5,0000	45,0000	0,0000	51,0000	0,0000	1,0000	4,0000	0,0000	1,0000
7258,1630	0,0000	22,5000	0,0000	22,5000	0,0000	0,0000	1,0000	46,0000	0,0000	47,0000	0,0000	1,0000	1,0000	0,0000	1,0000
7259,3430	0,0000	22,5000	0,0000	22,5000	0,0000	5,0000	52,0000	692,0000	0,0000	749,0000	0,0000	1,0000	34,0000	0,0000	1,0000
7260,5230	0,0000	22,5000	0,0000	22,5000	0,0000	1,0000	5,0000	62,0000	0,0000	68,0000	0,0000	1,0000	3,0000	0,0000	1,0000
7261,6530	0,0000	22,5000	0,0000	22,5000	0,0000	4,0000	41,0000	441,0000	0,0000	486,0000	1,0000	0,0000	21,0000	0,0000	1,0000
7262,7720	0,0000	22,5000	0,0000	22,5000	0,0000	0,0000	2,0000	29,0000	0,0000	31,0000	0,0000	1,0000	2,0000	0,0000	1,0000
7263,8840	0,0000	22,5000	0,0000	22,5000	0,0000	1,0000	9,0000	153,0000	0,0000	163,0000	0,0000	1,0000	8,0000	0,0000	1,0000
7264,9930	0,0000	22,5000	0,0000	22,5000	0,0000	10,0000	62,0000	702,0000	0,0000	774,0000	0,0000	1,0000	37,0000	0,0000	1,0000
7266,1430	0,0000	22,5000	0,0000	22,5000	0,0000	3,0000	16,0000	295,0000	0,0000	314,0000	0,0000	1,0000	9,0000	0,0000	1,0000
7267,3330	0,0000	22,5000	0,0000	22,5000	0,0000	2,0000	12,0000	144,0000	0,0000	158,0000	0,0000	1,0000	10,0000	0,0000	1,0000
7268,4930	0,0000	22,5000	0,0000	22,5000	0,0000	1,0000	11,0000	155,0000	0,0000	167,0000	0,0000	1,0000	9,0000	0,0000	1,0000
7269,6120	0,0000	22,5000	0,0000	22,5000	0,0000	1,0000	3,0000	32,0000	0,0000	36,0000	0,0000	1,0000	2,0000	0,0000	1,0000
7270,7430	0,0000	22,5000	0,0000	22,5000	0,0000	2,0000	8,0000	220,0000	0,0000	230,0000	1,0000	0,0000	5,0000	0,0000	1,0000
7271,8790	0,0000	22,5000	0,0000	22,5000	0,0000	2,0000	22,0000	207,0000	0,0000	231,0000	0,0000	1,0000	12,0000	0,0000	1,0000
7272,9920	0,0000	22,5000	0,0000	22,5000	0,0000	3,0000	30,0000	425,0000	0,0000	458,0000	0,0000	1,0000	19,0000	0,0000	1,0000
7274,1530	0,0000	22,5000	0,0000	22,5000	0,0000	2,0000	7,0000	127,0000	0,0000	136,0000	0,0000	1,0000	5,0000	0,0000	1,0000
7275,3420	0,0000	22,5000	0,0000	22,5000	0,0000	4,0000	15,0000	192,0000	0,0000	211,0000	0,0000	1,0000	9,0000	0,0000	1,0000
7276,5220	0,0000	22,5000	0,0000	22,5000	0,0000	0,0000	9,0000	147,0000	0,0000	156,0000	0,0000	1,0000	8,0000	0,0000	1,0000
7277,6330	0,0000	22,5000	0,0000	22,5000	0,0000	1,0000	0,0000	20,0000	0,0000	21,0000	1,0000	0,0000	0,0000	0,0000	1,0000
7278,7530	0,0000	22,5000	0,0000	22,5000	0,0000	0,0000	1,0000	11,0000	0,0000	12,0000	0,0000	1,0000	1,0000	0,0000	1,0000
7279,8740	0,0000	22,5000	0,0000	22,5000	0,0000	0,0000	5,0000	67,0000	0,0000	72,0000	0,0000	1,0000	4,0000	0,0000	1,0000
7280,9830	0,0000	22,5000	0,0000	22,5000	0,0000	0,0000	7,0000	65,0000	0,0000	72,0000	0,0000	1,0000	5,0000	0,0000	1,0000
7282,1430	0,0000	22,5000	0,0000	22,5000	0,0000	0,0000	2,0000	9,0000	0,0000	11,0000	0,0000	1,0000	2,0000	0,0000	1,0000
7283,3530	0,0000	22,5000	0,0000	22,5000	0,0000	2,0000	32,0000	369,0000	0,0000	403,0000	1,0000	0,0000	25,0000	0,0000	1,0000
7284,5620	0,0000	22,5000	0,0000	22,5000	0,0000	0,0000	6,0000	66,0000	0,0000	72,0000	0,0000	1,0000	5,0000	0,0000	1,0000
7285,7330	0,0000	22,5000	0,0000	22,5000	0,0000	0,0000	5,0000	42,0000	0,0000	47,0000	0,0000	1,0000	3,0000	0,0000	1,0000
7286,9220	0,0000	22,5000	0,0000	22,5000	0,0000	0,0000	3,0000	66,0000	0,0000	69,0000	0,0000	1,0000	3,0000	0,0000	1,0000
7288,0530	0,0000	22,5000	0,0000	22,5000	0,0000	4,0000	30,0000	416,0000	0,0000	450,0000	0,0000	1,0000	20,0000	0,0000	1,0000
7289,1730	0,0000	22,5000	0,0000	22,5000	0,0000	0,0000	5,0000	82,0000	0,0000	87,0000	0,0000	1,0000	5,0000	0,0000	1,0000
7290,2920	0,0000	22,5000	0,0000	22,5000	0,0000	0,0000	6,0000	33,0000	0,0000	39,0000	0,0000	1,0000	6,0000	0,0000	1,0000
7291,4130	0,0000	22,5000	0,0000	22,5000	0,0000	1,0000	0,0000	29,0000	0,0000	30,0000	1,0000	0,0000	0,0000	0,0000	1,0000
7292,5630	0,0000	22,5000	0,0000	22,5000	0,0000	4,0000	14,0000	253,0000	0,0000	271,0000	0,0000	1,0000	10,0000	0,0000	1,0000
7293,7430	0,0000	22,5000	0,0000	22,5000	0,0000	0,0000	2,0000	27,0000	0,0000	29,0000	0,0000	1,0000	1,0000	0,0000	1,0000
7294,9730	0,0000	22,5000	0,0000	22,5000	0,0000	2,0000	20,0000	203,0000	0,0000	225,0000	1,0000	0,0000	15,0000	0,0000	1,0000
7296,1730	0,0000	22,5000	0,0000	22,5000	0,0000	0,0000	2,0000	19,0000	0,0000	21,0000	0,0000	1,0000	2,0000	0,0000	1,0000
7297,3530	0,0000	22,5000	0,0000	22,5000	0,0000	3,0000	20,0000	219,0000	0,0000	242,0000	0,0000	1,0000	10,0000	0,0000	1,0000
7298,5530	0,0000	22,5000	0,0000	22,5000	0,0000	1,0000	4,0000	20,0000	0,0000	25,0000	0,0000	1,0000	3,0000	0,0000	1,0000
7299,7620	0,0000	22,5000	0,0000	22,5000	0,0000	2,0000	18,0000	225,0000	0,0000	245,0000	0,0000	1,0000	11,0000	0,0000	1,0000
7300,9530	0,0000	22,5000	0,0000	22,5000	0,0000	2,0000	10,0000	142,0000	0,0000	154,0000	0,0000	1,0000	8,0000	0,0000	1,0000
7302,2130	0,0000	22,5000	0,0000	22,5000	0,0000	1,0000	6,0000	152,0000	0,0000	159,0000	0,0000	1,0000	3,0000	0,0000	1,0000
7303,3430	0,0000	22,5000	0,0000	22,5000	0,0000	3,0000	21,0000	233,0000	0,0000	257,0000	0,0000	1,0000	11,0000	0,0000	1,0000
7304,5520	0,0000	22,5000	0,0000	22,5000	0,0000	0,0000	6,0000	90,0000	0,0000	96,0000	0,0000	1,0000	5,0000	0,0000	1,0000
7305,7630	0,0000	22,5000	0,0000	22,5000	0,0000	4,0000	18,0000	212,0000	0,0000	234,0000	0,0000	1,0000	15,0000	0,0000	1,0000
7306,9630	0,0000	22,5000	0,0000	22,5000	0,0000	4,0000	8,0000	102,0000	0,0000	114,0000	0,0000	1,0000	4,0000	0,0000	1,0000
7308,1430	0,0000	22,5000	0,0000	22,5000	0,0000	1,0000	23,0000	242,0000	0,0000	266,0000	0,0000	1,0000	14,0000	0,0000	1,0000
7309,3230	0,0000	22,5000	0,0000	22,5000	0,0000	4,0000	14,0000	145,0000	0,0000	163,0000	0,0000	1,0000	7,0000	0,0000	1,0000
7310,4430	0,0000	22,5000	0,0000	22,5000	0,0000	4,0000	35,0000	561,0000	0,0000	600,0000	0,0000	1,0000	25,0000	0,0000	1,0000
7311,5630	0,0000	22,5000	0,0000	22,5000	0,0000	0,0000	3,0000	65,0000	0,0000	68,0000	0,0000	1,0000	3,0000	0,0000	1,0000
7312,6910	0,0000	22,5000	0,0000	22,5000	0,0000	0,0000	2,0000	3,0000	0,0000	5,0000	0,0000	1,0000	2,0000	0,0000	1,0000
7313,8030	0,0000	22,5000	0,0000	22,5000	0,0000	2,0000	7,0000	83,0000	0,0000	92,0000	0,0000	1,0000	7,0000	0,0000	1,0000
7314,9620	0,0000	22,5000	0,0000	22,5000	0,0000	1,0000	5,0000	70,0000	0,0000	76,0000	0,0000	1,0000	4,0000	0,0000	1,0000
7316,1430	0,0000	22,5000	0,0000	22,5000	0,0000	3,0000	8,0000	169,0000	0,0000	180,0000	0,0000	1,0000	6,0000	0,0000	1,0000
7317,3930	0,0000	22,5000	0,0000	22,5000	0,0000	0,0000	7,0000	28,0000	0,0000	35,0000	0,0000	1,0000	5,0000	0,0000	1,0000
7318,5530	0,0000	22,5000	0,0000	22,5000	0,0000	1,0000	15,0000	240,0000	0,0000	256,0000	0,0000	1,0000	11,0000	0,0000	1,0000
7319,7630	0,0000	22,5000	0,0000	22,5000	0,0000	0,0000	1,0000	11,0000	0,0000	12,0000	0,0000	1,0000	1,0000	0,0000	1,0000
7320,9430	0,0000	22,5000	0,0000	22,5000	0,0000	0,0000	9,0000	87,0000	0,0000	96,0000	0,0000	1,0000	6,0000	0,0000	1,0000
7322,3230	0,0000	22,5000	0,0000	22,5000	0,0000	0,0000	1,0000	19,0000	0,0000	20,0000	0,0000	1,0000	1,0000	0,0000	1,0000
7323,4930	0,0000	22,5000	0,0000	22,5000	0,0000	1,0000	8,0000	87,0000	0,0000	96,0000	0,0000	1,0000	7,0000	0,0000	1,0000
7324,6120	0,0000	22,5000	0,0000	22,5000	0,0000	0,0000	3,0000	29,0000	0,0000	32,0000	0,0000	1,0000	3,0000	0,0000	1,0000
7325,7630	0,0000	22,5000	0,0000	22,5000	0,0000	1,0000	4,0000	29,0000	0,0000	34,0000	0,0000	1,0000	3,0000	0,0000	1,0000
7326,9630	0,0000	22,5000	0,0000	22,5000	0,0000	0,0000	5,0000	21,0000	0,0000	26,0000	0,0000	1,0000	3,0000	0,0000	1,0000
7328,1520	0,0000	22,5000	0,0000	22,5000	0,0000	1,0000	11,0000	195,0000	0,0000	207,0000	0,0000	1,0000	8,0000	0,0000	1,0000
7329,3430	0,0000	22,5000	0,0000	22,5000	0,0000	1,0000	4,0000	104,0000	0,0000	109,0000	0,0000	1,0000	3,0000	0,0000	1,0000
7330,5720	0,0000	22,5000	0,0000	22,5000	0,0000	0,0000	22,0000	216,0000	0,0000	238,0000	0,0000	1,0000	15,0000	0,0000	1,0000
7331,7630	0,0000	22,5000	0,0000	22,5000	0,0000	0,0000	2,0000	38,0000	0,0000	40,0000	0,0000	1,0000	2,0000	0,0000	1,0000
7332,9730	0,0000	22,5000	0,0000	22,5000	0,0000	1,0000	5,0000	91,0000	0,0000	97,0000	1,0000	0,0000	2,0000	0,0000	1,0000
7334,1730	0,0000	22,5000	0,0000	22,5000	0,0000	2,0000	3,0000	77,0000	0,0000	82,0000	1,0000	0,0000	3,0000	0,0000	1,0000
7335,3630	0,0000	22,5000	0,0000	22,5000	0,0000	2,0000	11,0000	227,0000	0,0000	240,0000	0,0000	1,0000	11,0000	0,0000	1,0000
7336,5530	0,0000	22,5000	0,0000	22,5000	0,0000	0,0000	1,0000	20,0000	0,0000	21,0000	0,0000	1,0000	1,0000	0,0000	1,0000
7337,7730	0,0000	22,5000	0,0000	22,5000	0,0000	0,0000	11,0000	119,0000	0,0000	130,0000	0,0000	1,0000	10,0000	0,0000	1,0000
7338,9520	0,0000	22,5000	0,0000	22,5000	0,0000	4,0000	10,0000	195,0000	0,0000	209,0000	1,0000	0,0000	6,0000	0,0000	1,0000
7340,1530	0,0000	22,5000	0,0000	22,5000	0,0000	7,0000	22,0000	270,0000	0,0000	299,0000	0,0000	1,0000	14,0000	0,0000	1,0000
7341,4140	0,0000	22,5000	0,0000	22,5000	0,0000	5,0000	11,0000	155,0000	0,0000	171,0000	0,0000	1,0000	8,0000	0,0000	1,0000
7342,5820	0,0000	22,5000	0,0000	22,5000	0,0000	0,0000	1,0000	1,0000	0,0000	2,0000	0,0000	1,0000	1,0000	0,0000	1,0000
7343,7730	0,0000	22,5000	0,0000	22,5000	0,0000	3,0000	20,0000	262,0000	0,0000	285,0000	0,0000	1,0000	15,0000	0,0000	1,0000
7344,9620	0,0000	22,5000	0,0000	22,5000	0,0000	1,0000	3,0000	50,0000	0,0000	54,0000	1,0000	0,0000	2,0000	0,0000	1,0000
7346,1320	0,0000	22,5000	0,0000	22,5000	0,0000	0,0000	7,0000	98,0000	0,0000	105,0000	0,0000	1,0000	7,0000	0,0000	1,0000
7347,3120	0,0000	22,5000	0,0000	22,5000	0,0000	0,0000	2,0000	16,0000	0,0000	18,0000	0,0000	1,0000	2,0000	0,0000	1,0000
7348,4330	0,0000	22,5000	0,0000	22,5000	0,0000	1,0000	2,0000	18,0000	0,0000	21,0000	1,0000	0,0000	2,0000	0,0000	1,0000
7349,5420	0,0000	22,5000	0,0000	22,5000	0,0000	7,0000	33,0000	505,0000	0,0000	545,0000	0,0000	1,0000	24,0000	0,0000	1,0000
7350,6950	0,0000	22,5000	0,0000	22,5000	0,0000	0,0000	8,0000	96,0000	0,0000	104,0000	0,0000	1,0000	5,0000	0,0000	1,0000
7351,8130	0,0000	22,5000	0,0000	22,5000	0,0000	3,0000	38,0000	509,0000	0,0000	550,0000	0,0000	1,0000	24,0000	0,0000	1,0000
7352,9730	0,0000	22,5000	0,0000	22,5000	0,0000	0,0000	4,0000	67,0000	0,0000	71,0000	0,0000	1,0000	3,0000	0,0000	1,0000
7354,1730	0,0000	22,5000	0,0000	22,5000	0,0000	0,0000	2,0000	9,0000	0,0000	11,0000	0,0000	1,0000	2,0000	0,0000	1,0000
7355,3530	0,0000	22,5000	0,0000	22,5000	0,0000	0,0000	1,0000	8,0000	0,0000	9,0000	0,0000	1,0000	1,0000	0,0000	1,0000
7356,5430	0,0000	22,5000	0,0000	22,5000	0,0000	1,0000	2,0000	34,0000	0,0000	37,0000	0,0000	1,0000	2,0000	0,0000	1,0000
7357,7320	0,0000	22,5000	0,0000	22,5000	0,0000	1,0000	1,0000	19,0000	0,0000	21,0000	1,0000	0,0000	0,0000	0,0000	1,0000
7358,9030	0,0000	22,5000	0,0000	22,5000	0,0000	1,0000	4,0000	33,0000	0,0000	38,0000	0,0000	1,0000	2,0000	0,0000	1,0000
7360,0230	0,0000	22,5000	0,0000	22,5000	0,0000	0,0000	2,0000	9,0000	0,0000	11,0000	0,0000	1,0000	1,0000	0,0000	1,0000
7361,1420	0,0000	22,5000	0,0000	22,5000	0,0000	0,0000	7,0000	164,0000	0,0000	171,0000	0,0000	1,0000	4,0000	0,0000	1,0000
7362,3040	0,0000	22,5000	0,0000	22,5000	0,0000	3,0000	12,0000	152,0000	0,0000	167,0000	0,0000	1,0000	9,0000	0,0000	1,0000
7363,4130	0,0000	22,5000	0,0000	22,5000	0,0000	0,0000	3,0000	53,0000	0,0000	56,0000	0,0000	1,0000	3,0000	0,0000	1,0000
7364,5630	0,0000	22,5000	0,0000	22,5000	0,0000	2,0000	8,0000	123,0000	0,0000	133,0000	0,0000	1,0000	7,0000	0,0000	1,0000
7365,7530	0,0000	22,5000	0,0000	22,5000	0,0000	4,0000	16,0000	173,0000	0,0000	193,0000	0,0000	1,0000	14,0000	0,0000	1,0000
7366,9530	0,0000	22,5000	0,0000	22,5000	0,0000	0,0000	4,0000	52,0000	0,0000	56,0000	0,0000	1,0000	2,0000	0,0000	1,0000
7368,1630	0,0000	22,5000	0,0000	22,5000	0,0000	3,0000	34,0000	426,0000	0,0000	463,0000	0,0000	1,0000	21,0000	0,0000	1,0000
7369,3630	0,0000	22,5000	0,0000	22,5000	0,0000	3,0000	7,0000	78,0000	0,0000	88,0000	1,0000	0,0000	5,0000	0,0000	1,0000
7370,5630	0,0000	22,5000	0,0000	22,5000	0,0000	0,0000	4,0000	53,0000	0,0000	57,0000	0,0000	1,0000	3,0000	0,0000	1,0000
7371,7730	0,0000	22,5000	0,0000	22,5000	0,0000	2,0000	12,0000	189,0000	0,0000	203,0000	0,0000	1,0000	7,0000	0,0000	1,0000
7372,9830	0,0000	22,5000	0,0000	22,5000	0,0000	6,0000	27,0000	457,0000	0,0000	490,0000	0,0000	1,0000	13,0000	0,0000	1,0000
7374,1830	0,0000	22,5000	0,0000	22,5000	0,0000	1,0000	0,0000	5,0000	0,0000	6,0000	1,0000	0,0000	0,0000	0,0000	1,0000
7375,3630	0,0000	22,5000	0,0000	22,5000	0,0000	0,0000	11,0000	241,0000	0,0000	252,0000	0,0000	1,0000	7,0000	0,0000	1,0000
7376,5620	0,0000	22,5000	0,0000	22,5000	0,0000	1,0000	22,0000	241,0000	0,0000	264,0000	0,0000	1,0000	17,0000	0,0000	1,0000
7377,7630	0,0000	22,5000	0,0000	22,5000	0,0000	1,0000	6,0000	87,0000	0,0000	94,0000	0,0000	1,0000	4,0000	0,0000	1,0000
7378,9430	0,0000	22,5000	0,0000	22,5000	0,0000	1,0000	7,0000	81,0000	0,0000	89,0000	0,0000	1,0000	5,0000	0,0000	1,0000
7380,1630	0,0000	22,5000	0,0000	22,5000	0,0000	1,0000	9,0000	120,0000	0,0000	130,0000	0,0000	1,0000	6,0000	0,0000	1,0000
7381,3430	0,0000	22,5000	0,0000	22,5000	0,0000	4,0000	20,0000	241,0000	0,0000	265,0000	0,0000	1,0000	13,0000	0,0000	1,0000
7382,5330	0,0000	22,5000	0,0000	22,5000	0,0000	0,0000	5,0000	75,0000	0,0000	80,0000	0,0000	1,0000	2,0000	0,0000	1,0000
7383,6530	0,0000	22,5000	0,0000	22,5000	0,0000	0,0000	26,0000	353,0000	0,0000	379,0000	0,0000	1,0000	13,0000	0,0000	1,0000
7384,7720	0,0000	22,5000	0,0000	22,5000	0,0000	2,0000	5,0000	85,0000	0,0000	92,0000	0,0000	1,0000	4,0000	0,0000	1,0000
7385,9190	0,0000	22,5000	0,0000	22,5000	0,0000	0,0000	1,0000	6,0000	0,0000	7,0000	0,0000	1,0000	1,0000	0,0000	1,0000
7387,0920	0,0000	22,5000	0,0000	22,5000	0,0000	0,0000	2,0000	18,0000	0,0000	20,0000	0,0000	1,0000	2,0000	0,0000	1,0000
7388,2030	0,0000	22,5000	0,0000	22,5000	0,0000	0,0000	14,0000	161,0000	0,0000	175,0000	0,0000	1,0000	10,0000	0,0000	1,0000
7389,3620	0,0000	22,5000	0,0000	22,5000	0,0000	1,0000	5,0000	74,0000	0,0000	80,0000	0,0000	1,0000	4,0000	0,0000	1,0000
7390,5630	0,0000	22,5000	0,0000	22,5000	0,0000	4,0000	22,0000	289,0000	0,0000	315,0000	0,0000	1,0000	15,0000	0,0000	1,0000
7391,7830	0,0000	22,5000	0,0000	22,5000	0,0000	5,0000	24,0000	421,0000	0,0000	450,0000	0,0000	1,0000	15,0000	0,0000	1,0000
7392,9630	0,0000	22,5000	0,0000	22,5000	0,0000	0,0000	10,0000	118,0000	0,0000	128,0000	0,0000	1,0000	8,0000	0,0000	1,0000
7394,1530	0,0000	22,5000	0,0000	22,5000	0,0000	5,0000	25,0000	316,0000	0,0000	346,0000	0,0000	1,0000	20,0000	0,0000	1,0000
7395,3430	0,0000	22,5000	0,0000	22,5000	0,0000	3,0000	15,0000	227,0000	0,0000	245,0000	0,0000	1,0000	11,0000	0,0000	1,0000
7396,5930	0,0000	22,5000	0,0000	22,5000	0,0000	1,0000	6,0000	92,0000	0,0000	99,0000	0,0000	1,0000	6,0000	0,0000	1,0000
7397,7630	0,0000	22,5000	0,0000	22,5000	0,0000	2,0000	7,0000	94,0000	0,0000	103,0000	0,0000	1,0000	5,0000	0,0000	1,0000
7398,9530	0,0000	22,5000	0,0000	22,5000	0,0000	4,0000	15,0000	230,0000	0,0000	249,0000	0,0000	1,0000	11,0000	0,0000	1,0000
7400,1430	0,0000	22,5000	0,0000	22,5000	0,0000	0,0000	3,0000	49,0000	0,0000	52,0000	0,0000	1,0000	2,0000	0,0000	1,0000
7401,4230	0,0000	22,5000	0,0000	22,5000	0,0000	0,0000	2,0000	33,0000	0,0000	35,0000	0,0000	1,0000	1,0000	0,0000	1,0000
7402,5630	0,0000	22,5000	0,0000	22,5000	0,0000	1,0000	5,0000	117,0000	0,0000	123,0000	0,0000	1,0000	3,0000	0,0000	1,0000
7403,7520	0,0000	22,5000	0,0000	22,5000	0,0000	1,0000	7,0000	219,0000	0,0000	227,0000	1,0000	0,0000	6,0000	0,0000	1,0000
7404,9430	0,0000	22,5000	0,0000	22,5000	0,0000	1,0000	9,0000	94,0000	0,0000	104,0000	0,0000	1,0000	6,0000	0,0000	1,0000
7406,0620	0,0000	22,5000	0,0000	22,5000	0,0000	2,0000	18,0000	220,0000	0,0000	240,0000	0,0000	1,0000	12,0000	0,0000	1,0000
7407,1830	0,0000	22,5000	0,0000	22,5000	0,0000	0,0000	9,0000	54,0000	0,0000	63,0000	0,0000	1,0000	7,0000	0,0000	1,0000
7408,3380	0,0000	22,5000	0,0000	22,5000	0,0000	1,0000	13,0000	189,0000	0,0000	203,0000	0,0000	1,0000	10,0000	0,0000	1,0000
7409,5100	0,0000	22,5000	0,0000	22,5000	0,0000	3,0000	19,0000	214,0000	0,0000	236,0000	0,0000	1,0000	10,0000	0,0000	1,0000
7410,6230	0,0000	22,5000	0,0000	22,5000	0,0000	1,0000	1,0000	26,0000	0,0000	28,0000	0,0000	1,0000	1,0000	0,0000	1,0000
7411,7830	0,0000	22,5000	0,0000	22,5000	0,0000	2,0000	16,0000	203,0000	0,0000	221,0000	0,0000	1,0000	9,0000	0,0000	1,0000
7412,9930	0,0000	22,5000	0,0000	22,5000	0,0000	1,0000	3,0000	59,0000	0,0000	63,0000	0,0000	1,0000	3,0000	0,0000	1,0000
7414,1730	0,0000	22,5000	0,0000	22,5000	0,0000	0,0000	3,0000	32,0000	0,0000	35,0000	0,0000	1,0000	3,0000	0,0000	1,0000
7415,3630	0,0000	22,5000	0,0000	22,5000	0,0000	0,0000	3,0000	42,0000	0,0000	45,0000	0,0000	1,0000	2,0000	0,0000	1,0000
7416,5320	0,0000	22,5000	0,0000	22,5000	0,0000	0,0000	15,0000	136,0000	0,0000	151,0000	0,0000	1,0000	13,0000	0,0000	1,0000
7417,6530	0,0000	22,5000	0,0000	22,5000	0,0000	5,0000	40,0000	514,0000	0,0000	559,0000	0,0000	1,0000	29,0000	0,0000	1,0000
7418,7720	0,0000	22,5000	0,0000	22,5000	0,0000	0,0000	2,0000	18,0000	0,0000	20,0000	0,0000	1,0000	2,0000	0,0000	1,0000
7419,9070	0,0000	22,5000	0,0000	22,5000	0,0000	0,0000	7,0000	33,0000	0,0000	40,0000	0,0000	1,0000	4,0000	0,0000	1,0000
7421,0220	0,0000	22,5000	0,0000	22,5000	0,0000	0,0000	18,0000	208,0000	0,0000	226,0000	0,0000	1,0000	12,0000	0,0000	1,0000
7422,1730	0,0000	22,5000	0,0000	22,5000	0,0000	1,0000	8,0000	90,0000	0,0000	99,0000	0,0000	1,0000	7,0000	0,0000	1,0000
7423,3730	0,0000	22,5000	0,0000	22,5000	0,0000	0,0000	8,0000	75,0000	0,0000	83,0000	0,0000	1,0000	5,0000	0,0000	1,0000
7424,5830	0,0000	22,5000	0,0000	22,5000	0,0000	0,0000	4,0000	51,0000	0,0000	55,0000	0,0000	1,0000	4,0000	0,0000	1,0000
7425,7820	0,0000	22,5000	0,0000	22,5000	0,0000	1,0000	16,0000	231,0000	0,0000	248,0000	0,0000	1,0000	8,0000	0,0000	1,0000
7426,9630	0,0000	22,5000	0,0000	22,5000	0,0000	1,0000	17,0000	218,0000	0,0000	236,0000	0,0000	1,0000	14,0000	0,0000	1,0000
