Time	HWP_P	HWP_a1	QWP_a1	HWP_a2	QWP_a2	Single Count 1	Single Count 2	Single Count 3	Single Count 4	Sum	Coincidence Count 1	Coincidence Count 2	Coincidence Count 3	Coincidence Count 4	Coincidence Sum
7504,0350	0,0000	22,5000	0,0000	22,5000	0,0000	0,0000	10,0000	188,0000	0,0000	198,0000	0,0000	1,0000	8,0000	0,0000	1,0000
7505,1530	0,0000	22,5000	0,0000	22,5000	0,0000	4,0000	18,0000	403,0000	0,0000	425,0000	1,0000	0,0000	11,0000	0,0000	1,0000
7506,4450	0,0000	22,5000	0,0000	22,5000	0,0000	0,0000	3,0000	65,0000	0,0000	68,0000	0,0000	1,0000	3,0000	0,0000	1,0000
7507,5630	0,0000	22,5000	0,0000	22,5000	0,0000	2,0000	40,0000	712,0000	0,0000	754,0000	0,0000	1,0000	31,0000	0,0000	1,0000
7508,7330	0,0000	22,5000	0,0000	22,5000	0,0000	1,0000	11,0000	243,0000	0,0000	255,0000	0,0000	1,0000	6,0000	0,0000	1,0000
7509,8530	0,0000	22,5000	0,0000	22,5000	0,0000	3,0000	19,0000	385,0000	0,0000	407,0000	0,0000	1,0000	15,0000	0,0000	1,0000
7510,9730	0,0000	22,5000	0,0000	22,5000	0,0000	2,0000	5,0000	118,0000	0,0000	125,0000	0,0000	1,0000	3,0000	0,0000	1,0000
7512,0920	0,0000	22,5000	0,0000	22,5000	0,0000	0,0000	4,0000	37,0000	0,0000	41,0000	0,0000	1,0000	4,0000	0,0000	1,0000
7513,2030	0,0000	22,5000	0,0000	22,5000	0,0000	0,0000	2,0000	38,0000	0,0000	40,0000	0,0000	1,0000	2,0000	0,0000	1,0000
7514,3230	0,0000	22,5000	0,0000	22,5000	0,0000	2,0000	11,0000	221,0000	0,0000	234,0000	0,0000	1,0000	9,0000	0,0000	1,0000
7515,4530	0,0000	22,5000	0,0000	22,5000	0,0000	1,0000	5,0000	161,0000	0,0000	167,0000	0,0000	1,0000	4,0000	0,0000	1,0000
7516,5730	0,0000	22,5000	0,0000	22,5000	0,0000	0,0000	2,0000	23,0000	0,0000	25,0000	0,0000	1,0000	2,0000	0,0000	1,0000
7517,6930	0,0000	22,5000	0,0000	22,5000	0,0000	2,0000	15,0000	148,0000	0,0000	165,0000	0,0000	1,0000	12,0000	0,0000	1,0000
7518,8140	0,0000	22,5000	0,0000	22,5000	0,0000	2,0000	2,0000	48,0000	0,0000	52,0000	1,0000	0,0000	2,0000	0,0000	1,0000
7519,9230	0,0000	22,5000	0,0000	22,5000	0,0000	0,0000	3,0000	29,0000	0,0000	32,0000	0,0000	1,0000	3,0000	0,0000	1,0000
7521,0730	0,0000	22,5000	0,0000	22,5000	0,0000	4,0000	20,0000	369,0000	0,0000	393,0000	1,0000	0,0000	13,0000	0,0000	1,0000
7522,1930	0,0000	22,5000	0,0000	22,5000	0,0000	3,0000	25,0000	342,0000	0,0000	370,0000	1,0000	0,0000	17,0000	0,0000	1,0000
7523,3120	0,0000	22,5000	0,0000	22,5000	0,0000	0,0000	1,0000	5,0000	0,0000	6,0000	0,0000	1,0000	1,0000	0,0000	1,0000
7524,4220	0,0000	22,5000	0,0000	22,5000	0,0000	0,0000	1,0000	15,0000	0,0000	16,0000	0,0000	1,0000	1,0000	0,0000	1,0000
7525,5330	0,0000	22,5000	0,0000	22,5000	0,0000	0,0000	1,0000	6,0000	0,0000	7,0000	0,0000	1,0000	1,0000	0,0000	1,0000
7526,6530	0,0000	22,5000	0,0000	22,5000	0,0000	1,0000	23,0000	261,0000	0,0000	285,0000	0,0000	1,0000	17,0000	0,0000	1,0000
7527,7730	0,0000	22,5000	0,0000	22,5000	0,0000	2,0000	5,0000	219,0000	0,0000	226,0000	1,0000	0,0000	4,0000	0,0000	1,0000
7528,8920	0,0000	22,5000	0,0000	22,5000	0,0000	3,0000	10,0000	206,0000	0,0000	219,0000	1,0000	0,0000	7,0000	0,0000	1,0000
7530,0030	0,0000	22,5000	0,0000	22,5000	0,0000	8,0000	17,0000	262,0000	0,0000	287,0000	0,0000	1,0000	13,0000	0,0000	1,0000
7531,1440	0,0000	22,5000	0,0000	22,5000	0,0000	3,0000	26,0000	587,0000	0,0000	616,0000	0,0000	1,0000	19,0000	0,0000	1,0000
7532,3340	0,0000	22,5000	0,0000	22,5000	0,0000	0,0000	1,0000	30,0000	0,0000	31,0000	0,0000	1,0000	1,0000	0,0000	1,0000
7533,5440	0,0000	22,5000	0,0000	22,5000	0,0000	5,0000	20,0000	204,0000	0,0000	229,0000	1,0000	0,0000	11,0000	0,0000	1,0000
7534,7220	0,0000	22,5000	0,0000	22,5000	0,0000	3,0000	20,0000	327,0000	0,0000	350,0000	0,0000	1,0000	14,0000	0,0000	1,0000
7535,8330	0,0000	22,5000	0,0000	22,5000	0,0000	0,0000	2,0000	19,0000	0,0000	21,0000	0,0000	1,0000	2,0000	0,0000	1,0000
7536,9520	0,0000	22,5000	0,0000	22,5000	0,0000	8,0000	44,0000	1042,0000	0,0000	1094,0000	0,0000	1,0000	28,0000	0,0000	1,0000
7538,0680	0,0000	22,5000	0,0000	22,5000	0,0000	0,0000	4,0000	57,0000	0,0000	61,0000	0,0000	1,0000	3,0000	0,0000	1,0000
7539,1930	0,0000	22,5000	0,0000	22,5000	0,0000	1,0000	13,0000	151,0000	0,0000	165,0000	0,0000	1,0000	8,0000	0,0000	1,0000
7540,3330	0,0000	22,5000	0,0000	22,5000	0,0000	3,0000	18,0000	239,0000	0,0000	260,0000	0,0000	1,0000	13,0000	0,0000	1,0000
7541,5930	0,0000	22,5000	0,0000	22,5000	0,0000	0,0000	5,0000	100,0000	0,0000	105,0000	0,0000	1,0000	3,0000	0,0000	1,0000
7542,7220	0,0000	22,5000	0,0000	22,5000	0,0000	1,0000	1,0000	38,0000	0,0000	40,0000	1,0000	0,0000	1,0000	0,0000	1,0000
7543,9320	0,0000	22,5000	0,0000	22,5000	0,0000	0,0000	3,0000	67,0000	0,0000	70,0000	0,0000	1,0000	2,0000	0,0000	1,0000
7545,0830	0,0000	22,5000	0,0000	22,5000	0,0000	0,0000	2,0000	25,0000	0,0000	27,0000	0,0000	1,0000	1,0000	0,0000	1,0000
7546,2020	0,0000	22,5000	0,0000	22,5000	0,0000	0,0000	3,0000	50,0000	0,0000	53,0000	0,0000	1,0000	3,0000	0,0000	1,0000
7547,3120	0,0000	22,5000	0,0000	22,5000	0,0000	0,0000	12,0000	203,0000	0,0000	215,0000	0,0000	1,0000	8,0000	0,0000	1,0000
7548,4670	0,0000	22,5000	0,0000	22,5000	0,0000	8,0000	45,0000	1006,0000	0,0000	1059,0000	0,0000	1,0000	33,0000	0,0000	1,0000
7549,5830	0,0000	22,5000	0,0000	22,5000	0,0000	1,0000	8,0000	235,0000	0,0000	244,0000	0,0000	1,0000	5,0000	0,0000	1,0000
7550,7230	0,0000	22,5000	0,0000	22,5000	0,0000	1,0000	2,0000	40,0000	0,0000	43,0000	0,0000	1,0000	2,0000	0,0000	1,0000
7551,8630	0,0000	22,5000	0,0000	22,5000	0,0000	17,0000	50,0000	1112,0000	0,0000	1179,0000	0,0000	1,0000	36,0000	0,0000	1,0000
7552,9830	0,0000	22,5000	0,0000	22,5000	0,0000	2,0000	6,0000	141,0000	0,0000	149,0000	0,0000	1,0000	3,0000	0,0000	1,0000
7554,1020	0,0000	22,5000	0,0000	22,5000	0,0000	1,0000	20,0000	299,0000	0,0000	320,0000	0,0000	1,0000	16,0000	0,0000	1,0000
7555,2130	0,0000	22,5000	0,0000	22,5000	0,0000	1,0000	8,0000	128,0000	0,0000	137,0000	0,0000	1,0000	6,0000	0,0000	1,0000
7556,3230	0,0000	22,5000	0,0000	22,5000	0,0000	3,0000	11,0000	189,0000	0,0000	203,0000	0,0000	1,0000	8,0000	0,0000	1,0000
7557,4430	0,0000	22,5000	0,0000	22,5000	0,0000	2,0000	10,0000	183,0000	0,0000	195,0000	0,0000	1,0000	6,0000	0,0000	1,0000
7558,5620	0,0000	22,5000	0,0000	22,5000	0,0000	6,0000	22,0000	351,0000	0,0000	379,0000	0,0000	1,0000	16,0000	0,0000	1,0000
7559,6830	0,0000	22,5000	0,0000	22,5000	0,0000	3,0000	20,0000	407,0000	0,0000	430,0000	1,0000	0,0000	13,0000	0,0000	1,0000
7560,8030	0,0000	22,5000	0,0000	22,5000	0,0000	2,0000	1,0000	65,0000	0,0000	68,0000	1,0000	0,0000	1,0000	0,0000	1,0000
7561,9230	0,0000	22,5000	0,0000	22,5000	0,0000	0,0000	5,0000	58,0000	0,0000	63,0000	0,0000	1,0000	4,0000	0,0000	1,0000
7563,0420	0,0000	22,5000	0,0000	22,5000	0,0000	1,0000	7,0000	169,0000	0,0000	177,0000	0,0000	1,0000	7,0000	0,0000	1,0000
7564,1630	0,0000	22,5000	0,0000	22,5000	0,0000	0,0000	2,0000	89,0000	0,0000	91,0000	0,0000	1,0000	2,0000	0,0000	1,0000
7565,2820	0,0000	22,5000	0,0000	22,5000	0,0000	0,0000	16,0000	364,0000	0,0000	380,0000	0,0000	1,0000	7,0000	0,0000	1,0000
7566,3930	0,0000	22,5000	0,0000	22,5000	0,0000	0,0000	1,0000	29,0000	0,0000	30,0000	0,0000	1,0000	1,0000	0,0000	1,0000
7567,5330	0,0000	22,5000	0,0000	22,5000	0,0000	0,0000	1,0000	8,0000	0,0000	9,0000	0,0000	1,0000	1,0000	0,0000	1,0000
7568,6530	0,0000	22,5000	0,0000	22,5000	0,0000	0,0000	3,0000	65,0000	0,0000	68,0000	0,0000	1,0000	3,0000	0,0000	1,0000
7569,7730	0,0000	22,5000	0,0000	22,5000	0,0000	0,0000	4,0000	69,0000	0,0000	73,0000	0,0000	1,0000	3,0000	0,0000	1,0000
7570,8930	0,0000	22,5000	0,0000	22,5000	0,0000	1,0000	5,0000	40,0000	0,0000	46,0000	0,0000	1,0000	3,0000	0,0000	1,0000
7572,0130	0,0000	22,5000	0,0000	22,5000	0,0000	4,0000	39,0000	624,0000	0,0000	667,0000	0,0000	1,0000	20,0000	0,0000	1,0000
7573,1330	0,0000	22,5000	0,0000	22,5000	0,0000	0,0000	4,0000	30,0000	0,0000	34,0000	0,0000	1,0000	2,0000	0,0000	1,0000
7574,3430	0,0000	22,5000	0,0000	22,5000	0,0000	0,0000	7,0000	79,0000	0,0000	86,0000	0,0000	1,0000	4,0000	0,0000	1,0000
7575,5330	0,0000	22,5000	0,0000	22,5000	0,0000	0,0000	1,0000	7,0000	0,0000	8,0000	0,0000	1,0000	1,0000	0,0000	1,0000
7576,6630	0,0000	22,5000	0,0000	22,5000	0,0000	1,0000	2,0000	19,0000	0,0000	22,0000	0,0000	1,0000	2,0000	0,0000	1,0000
7577,7830	0,0000	22,5000	0,0000	22,5000	0,0000	2,0000	1,0000	32,0000	0,0000	35,0000	1,0000	0,0000	0,0000	0,0000	1,0000
7578,9030	0,0000	22,5000	0,0000	22,5000	0,0000	4,0000	8,0000	281,0000	0,0000	293,0000	0,0000	1,0000	6,0000	0,0000	1,0000
7580,0130	0,0000	22,5000	0,0000	22,5000	0,0000	2,0000	14,0000	309,0000	0,0000	325,0000	0,0000	1,0000	7,0000	0,0000	1,0000
7581,1330	0,0000	22,5000	0,0000	22,5000	0,0000	0,0000	8,0000	189,0000	0,0000	197,0000	0,0000	1,0000	5,0000	0,0000	1,0000
7582,3330	0,0000	22,5000	0,0000	22,5000	0,0000	1,0000	20,0000	300,0000	0,0000	321,0000	0,0000	1,0000	14,0000	0,0000	1,0000
7583,5330	0,0000	22,5000	0,0000	22,5000	0,0000	2,0000	7,0000	191,0000	0,0000	200,0000	0,0000	1,0000	6,0000	0,0000	1,0000
7584,7030	0,0000	22,5000	0,0000	22,5000	0,0000	4,0000	10,0000	196,0000	0,0000	210,0000	0,0000	1,0000	4,0000	0,0000	1,0000
7585,8230	0,0000	22,5000	0,0000	22,5000	0,0000	1,0000	6,0000	102,0000	0,0000	109,0000	1,0000	0,0000	4,0000	0,0000	1,0000
7586,9430	0,0000	22,5000	0,0000	22,5000	0,0000	4,0000	13,0000	311,0000	0,0000	328,0000	0,0000	1,0000	10,0000	0,0000	1,0000
7588,0720	0,0000	22,5000	0,0000	22,5000	0,0000	1,0000	22,0000	359,0000	0,0000	382,0000	0,0000	1,0000	20,0000	0,0000	1,0000
7589,1830	0,0000	22,5000	0,0000	22,5000	0,0000	0,0000	1,0000	2,0000	0,0000	3,0000	0,0000	1,0000	1,0000	0,0000	1,0000
7590,3430	0,0000	22,5000	0,0000	22,5000	0,0000	4,0000	17,0000	367,0000	0,0000	388,0000	0,0000	1,0000	13,0000	0,0000	1,0000
7591,5730	0,0000	22,5000	0,0000	22,5000	0,0000	0,0000	4,0000	55,0000	0,0000	59,0000	0,0000	1,0000	3,0000	0,0000	1,0000
7592,7330	0,0000	22,5000	0,0000	22,5000	0,0000	1,0000	0,0000	20,0000	0,0000	21,0000	1,0000	0,0000	0,0000	0,0000	1,0000
7593,9240	0,0000	22,5000	0,0000	22,5000	0,0000	0,0000	10,0000	219,0000	0,0000	229,0000	0,0000	1,0000	6,0000	0,0000	1,0000
7595,0430	0,0000	22,5000	0,0000	22,5000	0,0000	1,0000	11,0000	144,0000	0,0000	156,0000	0,0000	1,0000	10,0000	0,0000	1,0000
7596,1630	0,0000	22,5000	0,0000	22,5000	0,0000	3,0000	7,0000	151,0000	0,0000	161,0000	0,0000	1,0000	6,0000	0,0000	1,0000
7597,2820	0,0000	22,5000	0,0000	22,5000	0,0000	0,0000	10,0000	200,0000	0,0000	210,0000	0,0000	1,0000	7,0000	0,0000	1,0000
7598,4020	0,0000	22,5000	0,0000	22,5000	0,0000	2,0000	8,0000	153,0000	0,0000	163,0000	0,0000	1,0000	6,0000	0,0000	1,0000
7599,5320	0,0000	22,5000	0,0000	22,5000	0,0000	2,0000	9,0000	194,0000	0,0000	205,0000	1,0000	0,0000	6,0000	0,0000	1,0000
7600,6420	0,0000	22,5000	0,0000	22,5000	0,0000	5,0000	15,0000	336,0000	0,0000	356,0000	0,0000	1,0000	9,0000	0,0000	1,0000
7601,7620	0,0000	22,5000	0,0000	22,5000	0,0000	2,0000	10,0000	155,0000	0,0000	167,0000	1,0000	0,0000	8,0000	0,0000	1,0000
7602,8850	0,0000	22,5000	0,0000	22,5000	0,0000	1,0000	5,0000	103,0000	0,0000	109,0000	0,0000	1,0000	4,0000	0,0000	1,0000
7604,0030	0,0000	22,5000	0,0000	22,5000	0,0000	5,0000	15,0000	263,0000	0,0000	283,0000	0,0000	1,0000	8,0000	0,0000	1,0000
7605,1230	0,0000	22,5000	0,0000	22,5000	0,0000	2,0000	19,0000	283,0000	0,0000	304,0000	0,0000	1,0000	15,0000	0,0000	1,0000
7606,2420	0,0000	22,5000	0,0000	22,5000	0,0000	2,0000	7,0000	100,0000	0,0000	109,0000	0,0000	1,0000	6,0000	0,0000	1,0000
7607,3530	0,0000	22,5000	0,0000	22,5000	0,0000	9,0000	25,0000	543,0000	0,0000	577,0000	0,0000	1,0000	16,0000	0,0000	1,0000
7608,4730	0,0000	22,5000	0,0000	22,5000	0,0000	4,0000	39,0000	763,0000	0,0000	806,0000	0,0000	1,0000	28,0000	0,0000	1,0000
7609,5820	0,0000	22,5000	0,0000	22,5000	0,0000	1,0000	7,0000	147,0000	0,0000	155,0000	0,0000	1,0000	3,0000	0,0000	1,0000
7610,7330	0,0000	22,5000	0,0000	22,5000	0,0000	4,0000	12,0000	268,0000	0,0000	284,0000	0,0000	1,0000	11,0000	0,0000	1,0000
7611,8730	0,0000	22,5000	0,0000	22,5000	0,0000	2,0000	12,0000	193,0000	0,0000	207,0000	0,0000	1,0000	7,0000	0,0000	1,0000
7612,9830	0,0000	22,5000	0,0000	22,5000	0,0000	1,0000	20,0000	209,0000	0,0000	230,0000	0,0000	1,0000	14,0000	0,0000	1,0000
7614,1020	0,0000	22,5000	0,0000	22,5000	0,0000	2,0000	8,0000	211,0000	0,0000	221,0000	1,0000	0,0000	5,0000	0,0000	1,0000
7615,2140	0,0000	22,5000	0,0000	22,5000	0,0000	0,0000	1,0000	6,0000	0,0000	7,0000	0,0000	1,0000	1,0000	0,0000	1,0000
7616,3430	0,0000	22,5000	0,0000	22,5000	0,0000	0,0000	11,0000	150,0000	0,0000	161,0000	0,0000	1,0000	8,0000	0,0000	1,0000
7617,5430	0,0000	22,5000	0,0000	22,5000	0,0000	2,0000	10,0000	165,0000	0,0000	177,0000	0,0000	1,0000	8,0000	0,0000	1,0000
7618,7330	0,0000	22,5000	0,0000	22,5000	0,0000	0,0000	2,0000	81,0000	0,0000	83,0000	0,0000	1,0000	1,0000	0,0000	1,0000
7619,9030	0,0000	22,5000	0,0000	22,5000	0,0000	3,0000	24,0000	481,0000	0,0000	508,0000	0,0000	1,0000	15,0000	0,0000	1,0000
7621,0220	0,0000	22,5000	0,0000	22,5000	0,0000	1,0000	12,0000	233,0000	0,0000	246,0000	1,0000	0,0000	10,0000	0,0000	1,0000
7622,1420	0,0000	22,5000	0,0000	22,5000	0,0000	0,0000	3,0000	13,0000	0,0000	16,0000	0,0000	1,0000	1,0000	0,0000	1,0000
7623,2820	0,0000	22,5000	0,0000	22,5000	0,0000	7,0000	46,0000	991,0000	0,0000	1044,0000	0,0000	1,0000	34,0000	0,0000	1,0000
7624,3930	0,0000	22,5000	0,0000	22,5000	0,0000	1,0000	11,0000	185,0000	0,0000	197,0000	1,0000	0,0000	8,0000	0,0000	1,0000
7625,5520	0,0000	22,5000	0,0000	22,5000	0,0000	1,0000	5,0000	133,0000	0,0000	139,0000	0,0000	1,0000	3,0000	0,0000	1,0000
7626,7430	0,0000	22,5000	0,0000	22,5000	0,0000	2,0000	9,0000	228,0000	0,0000	239,0000	0,0000	1,0000	6,0000	0,0000	1,0000
7627,9530	0,0000	22,5000	0,0000	22,5000	0,0000	0,0000	8,0000	172,0000	0,0000	180,0000	0,0000	1,0000	7,0000	0,0000	1,0000
7629,1630	0,0000	22,5000	0,0000	22,5000	0,0000	10,0000	65,0000	1326,0000	0,0000	1401,0000	1,0000	0,0000	44,0000	0,0000	1,0000
7630,3330	0,0000	22,5000	0,0000	22,5000	0,0000	4,0000	9,0000	226,0000	0,0000	239,0000	1,0000	0,0000	7,0000	0,0000	1,0000
7631,6020	0,0000	22,5000	0,0000	22,5000	0,0000	0,0000	2,0000	19,0000	0,0000	21,0000	0,0000	1,0000	1,0000	0,0000	1,0000
7632,7430	0,0000	22,5000	0,0000	22,5000	0,0000	1,0000	7,0000	123,0000	0,0000	131,0000	0,0000	1,0000	6,0000	0,0000	1,0000
7633,9430	0,0000	22,5000	0,0000	22,5000	0,0000	8,0000	65,0000	1306,0000	0,0000	1379,0000	0,0000	1,0000	42,0000	0,0000	1,0000
7635,1330	0,0000	22,5000	0,0000	22,5000	0,0000	4,0000	9,0000	140,0000	0,0000	153,0000	0,0000	1,0000	7,0000	0,0000	1,0000
7636,3330	0,0000	22,5000	0,0000	22,5000	0,0000	4,0000	23,0000	377,0000	0,0000	404,0000	0,0000	1,0000	16,0000	0,0000	1,0000
7637,5030	0,0000	22,5000	0,0000	22,5000	0,0000	5,0000	21,0000	277,0000	0,0000	303,0000	0,0000	1,0000	17,0000	0,0000	1,0000
7638,6230	0,0000	22,5000	0,0000	22,5000	0,0000	2,0000	18,0000	293,0000	0,0000	313,0000	0,0000	1,0000	13,0000	0,0000	1,0000
7639,7420	0,0000	22,5000	0,0000	22,5000	0,0000	0,0000	3,0000	96,0000	0,0000	99,0000	0,0000	1,0000	3,0000	0,0000	1,0000
7640,8870	0,0000	22,5000	0,0000	22,5000	0,0000	2,0000	15,0000	273,0000	0,0000	290,0000	0,0000	1,0000	8,0000	0,0000	1,0000
7642,0020	0,0000	22,5000	0,0000	22,5000	0,0000	2,0000	12,0000	192,0000	0,0000	206,0000	0,0000	1,0000	9,0000	0,0000	1,0000
7643,1320	0,0000	22,5000	0,0000	22,5000	0,0000	1,0000	4,0000	95,0000	0,0000	100,0000	0,0000	1,0000	3,0000	0,0000	1,0000
7644,3530	0,0000	22,5000	0,0000	22,5000	0,0000	1,0000	11,0000	181,0000	0,0000	193,0000	0,0000	1,0000	9,0000	0,0000	1,0000
7645,5730	0,0000	22,5000	0,0000	22,5000	0,0000	3,0000	14,0000	252,0000	0,0000	269,0000	0,0000	1,0000	11,0000	0,0000	1,0000
7646,7430	0,0000	22,5000	0,0000	22,5000	0,0000	1,0000	9,0000	153,0000	0,0000	163,0000	0,0000	1,0000	7,0000	0,0000	1,0000
7647,9330	0,0000	22,5000	0,0000	22,5000	0,0000	1,0000	6,0000	231,0000	0,0000	238,0000	0,0000	1,0000	6,0000	0,0000	1,0000
7649,1030	0,0000	22,5000	0,0000	22,5000	0,0000	1,0000	7,0000	151,0000	0,0000	159,0000	0,0000	1,0000	7,0000	0,0000	1,0000
7650,2220	0,0000	22,5000	0,0000	22,5000	0,0000	3,0000	7,0000	125,0000	0,0000	135,0000	0,0000	1,0000	5,0000	0,0000	1,0000
7651,3330	0,0000	22,5000	0,0000	22,5000	0,0000	0,0000	5,0000	106,0000	0,0000	111,0000	0,0000	1,0000	5,0000	0,0000	1,0000
7652,4680	0,0000	22,5000	0,0000	22,5000	0,0000	7,0000	20,0000	351,0000	0,0000	378,0000	0,0000	1,0000	15,0000	0,0000	1,0000
7653,5820	0,0000	22,5000	0,0000	22,5000	0,0000	0,0000	4,0000	105,0000	0,0000	109,0000	0,0000	1,0000	2,0000	0,0000	1,0000
7654,7530	0,0000	22,5000	0,0000	22,5000	0,0000	0,0000	1,0000	5,0000	0,0000	6,0000	0,0000	1,0000	1,0000	0,0000	1,0000
7655,9730	0,0000	22,5000	0,0000	22,5000	0,0000	1,0000	17,0000	222,0000	0,0000	240,0000	0,0000	1,0000	10,0000	0,0000	1,0000
7657,1430	0,0000	22,5000	0,0000	22,5000	0,0000	0,0000	6,0000	63,0000	0,0000	69,0000	0,0000	1,0000	5,0000	0,0000	1,0000
7658,3530	0,0000	22,5000	0,0000	22,5000	0,0000	5,0000	16,0000	297,0000	0,0000	318,0000	0,0000	1,0000	10,0000	0,0000	1,0000
7659,5730	0,0000	22,5000	0,0000	22,5000	0,0000	0,0000	1,0000	12,0000	0,0000	13,0000	0,0000	1,0000	1,0000	0,0000	1,0000
7660,7330	0,0000	22,5000	0,0000	22,5000	0,0000	0,0000	7,0000	132,0000	0,0000	139,0000	0,0000	1,0000	4,0000	0,0000	1,0000
7661,9630	0,0000	22,5000	0,0000	22,5000	0,0000	0,0000	3,0000	7,0000	0,0000	10,0000	0,0000	1,0000	2,0000	0,0000	1,0000
7663,1130	0,0000	22,5000	0,0000	22,5000	0,0000	2,0000	10,0000	129,0000	0,0000	141,0000	0,0000	1,0000	5,0000	0,0000	1,0000
7664,2330	0,0000	22,5000	0,0000	22,5000	0,0000	1,0000	6,0000	118,0000	0,0000	125,0000	0,0000	1,0000	4,0000	0,0000	1,0000
7665,3520	0,0000	22,5000	0,0000	22,5000	0,0000	0,0000	2,0000	45,0000	0,0000	47,0000	0,0000	1,0000	2,0000	0,0000	1,0000
7666,4810	0,0000	22,5000	0,0000	22,5000	0,0000	0,0000	2,0000	28,0000	0,0000	30,0000	0,0000	1,0000	2,0000	0,0000	1,0000
7667,5930	0,0000	22,5000	0,0000	22,5000	0,0000	3,0000	15,0000	225,0000	0,0000	243,0000	0,0000	1,0000	10,0000	0,0000	1,0000
7668,7420	0,0000	22,5000	0,0000	22,5000	0,0000	0,0000	4,0000	39,0000	0,0000	43,0000	0,0000	1,0000	1,0000	0,0000	1,0000
7669,9630	0,0000	22,5000	0,0000	22,5000	0,0000	0,0000	8,0000	120,0000	0,0000	128,0000	0,0000	1,0000	7,0000	0,0000	1,0000
7671,1230	0,0000	22,5000	0,0000	22,5000	0,0000	5,0000	18,0000	360,0000	0,0000	383,0000	1,0000	0,0000	10,0000	0,0000	1,0000
7672,2430	0,0000	22,5000	0,0000	22,5000	0,0000	1,0000	5,0000	117,0000	0,0000	123,0000	0,0000	1,0000	2,0000	0,0000	1,0000
7673,3630	0,0000	22,5000	0,0000	22,5000	0,0000	2,0000	2,0000	76,0000	0,0000	80,0000	1,0000	0,0000	1,0000	0,0000	1,0000
7674,4770	0,0000	22,5000	0,0000	22,5000	0,0000	5,0000	17,0000	388,0000	0,0000	410,0000	0,0000	1,0000	12,0000	0,0000	1,0000
7675,5930	0,0000	22,5000	0,0000	22,5000	0,0000	3,0000	13,0000	172,0000	0,0000	188,0000	0,0000	1,0000	12,0000	0,0000	1,0000
7676,7430	0,0000	22,5000	0,0000	22,5000	0,0000	0,0000	7,0000	97,0000	0,0000	104,0000	0,0000	1,0000	5,0000	0,0000	1,0000
7677,9240	0,0000	22,5000	0,0000	22,5000	0,0000	2,0000	31,0000	472,0000	0,0000	505,0000	0,0000	1,0000	19,0000	0,0000	1,0000
7679,0630	0,0000	22,5000	0,0000	22,5000	0,0000	0,0000	3,0000	46,0000	0,0000	49,0000	0,0000	1,0000	2,0000	0,0000	1,0000
7680,1830	0,0000	22,5000	0,0000	22,5000	0,0000	1,0000	2,0000	34,0000	0,0000	37,0000	1,0000	0,0000	1,0000	0,0000	1,0000
7681,2920	0,0000	22,5000	0,0000	22,5000	0,0000	0,0000	6,0000	65,0000	0,0000	71,0000	0,0000	1,0000	4,0000	0,0000	1,0000
7682,4140	0,0000	22,5000	0,0000	22,5000	0,0000	1,0000	3,0000	21,0000	0,0000	25,0000	0,0000	1,0000	2,0000	0,0000	1,0000
7683,5630	0,0000	22,5000	0,0000	22,5000	0,0000	1,0000	13,0000	140,0000	0,0000	154,0000	0,0000	1,0000	9,0000	0,0000	1,0000
7684,7230	0,0000	22,5000	0,0000	22,5000	0,0000	0,0000	1,0000	2,0000	0,0000	3,0000	0,0000	1,0000	1,0000	0,0000	1,0000
7685,8530	0,0000	22,5000	0,0000	22,5000	0,0000	4,0000	18,0000	438,0000	0,0000	460,0000	0,0000	1,0000	13,0000	0,0000	1,0000
7686,9730	0,0000	22,5000	0,0000	22,5000	0,0000	1,0000	5,0000	59,0000	0,0000	65,0000	0,0000	1,0000	5,0000	0,0000	1,0000
7688,0930	0,0000	22,5000	0,0000	22,5000	0,0000	1,0000	12,0000	194,0000	0,0000	207,0000	0,0000	1,0000	10,0000	0,0000	1,0000
7689,2130	0,0000	22,5000	0,0000	22,5000	0,0000	5,0000	7,0000	286,0000	0,0000	298,0000	1,0000	0,0000	7,0000	0,0000	1,0000
7690,3530	0,0000	22,5000	0,0000	22,5000	0,0000	9,0000	46,0000	837,0000	0,0000	892,0000	0,0000	1,0000	29,0000	0,0000	1,0000
7691,5530	0,0000	22,5000	0,0000	22,5000	0,0000	1,0000	10,0000	142,0000	0,0000	153,0000	0,0000	1,0000	7,0000	0,0000	1,0000
7692,7330	0,0000	22,5000	0,0000	22,5000	0,0000	2,0000	0,0000	5,0000	0,0000	7,0000	1,0000	0,0000	0,0000	0,0000	1,0000
7693,8930	0,0000	22,5000	0,0000	22,5000	0,0000	1,0000	11,0000	170,0000	0,0000	182,0000	0,0000	1,0000	9,0000	0,0000	1,0000
7695,0130	0,0000	22,5000	0,0000	22,5000	0,0000	0,0000	1,0000	6,0000	0,0000	7,0000	0,0000	1,0000	1,0000	0,0000	1,0000
7696,1320	0,0000	22,5000	0,0000	22,5000	0,0000	6,0000	12,0000	185,0000	0,0000	203,0000	0,0000	1,0000	7,0000	0,0000	1,0000
7697,2950	0,0000	22,5000	0,0000	22,5000	0,0000	0,0000	14,0000	288,0000	0,0000	302,0000	0,0000	1,0000	11,0000	0,0000	1,0000
7698,4140	0,0000	22,5000	0,0000	22,5000	0,0000	1,0000	10,0000	216,0000	0,0000	227,0000	0,0000	1,0000	9,0000	0,0000	1,0000
7699,5530	0,0000	22,5000	0,0000	22,5000	0,0000	1,0000	3,0000	76,0000	0,0000	80,0000	0,0000	1,0000	3,0000	0,0000	1,0000
7700,7530	0,0000	22,5000	0,0000	22,5000	0,0000	1,0000	10,0000	173,0000	0,0000	184,0000	0,0000	1,0000	8,0000	0,0000	1,0000
7702,0900	0,0000	22,5000	0,0000	22,5000	0,0000	1,0000	3,0000	46,0000	0,0000	50,0000	0,0000	1,0000	3,0000	0,0000	1,0000
7703,2020	0,0000	22,5000	0,0000	22,5000	0,0000	0,0000	3,0000	45,0000	0,0000	48,0000	0,0000	1,0000	2,0000	0,0000	1,0000
7704,3430	0,0000	22,5000	0,0000	22,5000	0,0000	1,0000	8,0000	221,0000	0,0000	230,0000	0,0000	1,0000	7,0000	0,0000	1,0000
7705,5330	0,0000	22,5000	0,0000	22,5000	0,0000	3,0000	12,0000	224,0000	0,0000	239,0000	1,0000	0,0000	7,0000	0,0000	1,0000
7706,7030	0,0000	22,5000	0,0000	22,5000	0,0000	6,0000	19,0000	430,0000	0,0000	455,0000	0,0000	1,0000	14,0000	0,0000	1,0000
7707,8230	0,0000	22,5000	0,0000	22,5000	0,0000	0,0000	6,0000	67,0000	0,0000	73,0000	0,0000	1,0000	6,0000	0,0000	1,0000
7708,9420	0,0000	22,5000	0,0000	22,5000	0,0000	1,0000	9,0000	185,0000	0,0000	195,0000	0,0000	1,0000	6,0000	0,0000	1,0000
7710,0860	0,0000	22,5000	0,0000	22,5000	0,0000	2,0000	8,0000	185,0000	0,0000	195,0000	0,0000	1,0000	5,0000	0,0000	1,0000
7711,2030	0,0000	22,5000	0,0000	22,5000	0,0000	0,0000	9,0000	82,0000	0,0000	91,0000	0,0000	1,0000	4,0000	0,0000	1,0000
7712,3430	0,0000	22,5000	0,0000	22,5000	0,0000	0,0000	20,0000	345,0000	0,0000	365,0000	0,0000	1,0000	14,0000	0,0000	1,0000
7713,5240	0,0000	22,5000	0,0000	22,5000	0,0000	3,0000	7,0000	182,0000	0,0000	192,0000	0,0000	1,0000	3,0000	0,0000	1,0000
7714,6530	0,0000	22,5000	0,0000	22,5000	0,0000	2,0000	14,0000	277,0000	0,0000	293,0000	0,0000	1,0000	11,0000	0,0000	1,0000
7715,7720	0,0000	22,5000	0,0000	22,5000	0,0000	3,0000	8,0000	186,0000	0,0000	197,0000	1,0000	0,0000	5,0000	0,0000	1,0000
7716,8920	0,0000	22,5000	0,0000	22,5000	0,0000	3,0000	49,0000	697,0000	0,0000	749,0000	0,0000	1,0000	38,0000	0,0000	1,0000
7718,0130	0,0000	22,5000	0,0000	22,5000	0,0000	2,0000	2,0000	46,0000	0,0000	50,0000	1,0000	0,0000	2,0000	0,0000	1,0000
7719,1530	0,0000	22,5000	0,0000	22,5000	0,0000	1,0000	12,0000	205,0000	0,0000	218,0000	1,0000	0,0000	9,0000	0,0000	1,0000
7720,3830	0,0000	22,5000	0,0000	22,5000	0,0000	6,0000	25,0000	625,0000	0,0000	656,0000	0,0000	1,0000	16,0000	0,0000	1,0000
7721,5630	0,0000	22,5000	0,0000	22,5000	0,0000	4,0000	26,0000	398,0000	0,0000	428,0000	0,0000	1,0000	15,0000	0,0000	1,0000
7722,7830	0,0000	22,5000	0,0000	22,5000	0,0000	2,0000	8,0000	167,0000	0,0000	177,0000	0,0000	1,0000	7,0000	0,0000	1,0000
7723,9630	0,0000	22,5000	0,0000	22,5000	0,0000	1,0000	1,0000	25,0000	0,0000	27,0000	0,0000	1,0000	1,0000	0,0000	1,0000
7725,1630	0,0000	22,5000	0,0000	22,5000	0,0000	1,0000	5,0000	96,0000	0,0000	102,0000	1,0000	0,0000	3,0000	0,0000	1,0000
7726,3320	0,0000	22,5000	0,0000	22,5000	0,0000	2,0000	15,0000	183,0000	0,0000	200,0000	0,0000	1,0000	7,0000	0,0000	1,0000
7727,4530	0,0000	22,5000	0,0000	22,5000	0,0000	1,0000	13,0000	187,0000	0,0000	201,0000	0,0000	1,0000	10,0000	0,0000	1,0000
7728,5730	0,0000	22,5000	0,0000	22,5000	0,0000	2,0000	6,0000	288,0000	0,0000	296,0000	0,0000	1,0000	4,0000	0,0000	1,0000
7729,6840	0,0000	22,5000	0,0000	22,5000	0,0000	0,0000	2,0000	8,0000	0,0000	10,0000	0,0000	1,0000	2,0000	0,0000	1,0000
7730,8030	0,0000	22,5000	0,0000	22,5000	0,0000	2,0000	8,0000	212,0000	0,0000	222,0000	0,0000	1,0000	5,0000	0,0000	1,0000
7731,9420	0,0000	22,5000	0,0000	22,5000	0,0000	0,0000	1,0000	14,0000	0,0000	15,0000	0,0000	1,0000	1,0000	0,0000	1,0000
7733,0930	0,0000	22,5000	0,0000	22,5000	0,0000	3,0000	11,0000	243,0000	0,0000	257,0000	0,0000	1,0000	7,0000	0,0000	1,0000
7734,2120	0,0000	22,5000	0,0000	22,5000	0,0000	1,0000	2,0000	45,0000	0,0000	48,0000	0,0000	1,0000	1,0000	0,0000	1,0000
7735,3330	0,0000	22,5000	0,0000	22,5000	0,0000	1,0000	6,0000	88,0000	0,0000	95,0000	0,0000	1,0000	5,0000	0,0000	1,0000
7736,4830	0,0000	22,5000	0,0000	22,5000	0,0000	0,0000	2,0000	30,0000	0,0000	32,0000	0,0000	1,0000	2,0000	0,0000	1,0000
7737,5920	0,0000	22,5000	0,0000	22,5000	0,0000	1,0000	2,0000	121,0000	0,0000	124,0000	1,0000	0,0000	2,0000	0,0000	1,0000
7738,7530	0,0000	22,5000	0,0000	22,5000	0,0000	0,0000	1,0000	15,0000	0,0000	16,0000	0,0000	1,0000	1,0000	0,0000	1,0000
7739,9730	0,0000	22,5000	0,0000	22,5000	0,0000	2,0000	11,0000	370,0000	0,0000	383,0000	1,0000	0,0000	10,0000	0,0000	1,0000
7741,1620	0,0000	22,5000	0,0000	22,5000	0,0000	1,0000	12,0000	274,0000	0,0000	287,0000	1,0000	0,0000	9,0000	0,0000	1,0000
7742,3430	0,0000	22,5000	0,0000	22,5000	0,0000	1,0000	1,0000	10,0000	0,0000	12,0000	1,0000	0,0000	1,0000	0,0000	1,0000
7743,5330	0,0000	22,5000	0,0000	22,5000	0,0000	9,0000	20,0000	431,0000	0,0000	460,0000	0,0000	1,0000	15,0000	0,0000	1,0000
7744,7630	0,0000	22,5000	0,0000	22,5000	0,0000	3,0000	21,0000	432,0000	0,0000	456,0000	0,0000	1,0000	12,0000	0,0000	1,0000
7745,9620	0,0000	22,5000	0,0000	22,5000	0,0000	7,0000	22,0000	435,0000	0,0000	464,0000	0,0000	1,0000	16,0000	0,0000	1,0000
7747,1230	0,0000	22,5000	0,0000	22,5000	0,0000	0,0000	6,0000	148,0000	0,0000	154,0000	0,0000	1,0000	2,0000	0,0000	1,0000
7748,2320	0,0000	22,5000	0,0000	22,5000	0,0000	1,0000	3,0000	78,0000	0,0000	82,0000	0,0000	1,0000	3,0000	0,0000	1,0000
7749,3520	0,0000	22,5000	0,0000	22,5000	0,0000	1,0000	16,0000	367,0000	0,0000	384,0000	0,0000	1,0000	12,0000	0,0000	1,0000
7750,4940	0,0000	22,5000	0,0000	22,5000	0,0000	0,0000	1,0000	17,0000	0,0000	18,0000	0,0000	1,0000	1,0000	0,0000	1,0000
7751,6020	0,0000	22,5000	0,0000	22,5000	0,0000	0,0000	9,0000	144,0000	0,0000	153,0000	0,0000	1,0000	3,0000	0,0000	1,0000
7752,7720	0,0000	22,5000	0,0000	22,5000	0,0000	2,0000	10,0000	156,0000	0,0000	168,0000	0,0000	1,0000	6,0000	0,0000	1,0000
7753,9720	0,0000	22,5000	0,0000	22,5000	0,0000	1,0000	15,0000	186,0000	0,0000	202,0000	0,0000	1,0000	10,0000	0,0000	1,0000
7755,1630	0,0000	22,5000	0,0000	22,5000	0,0000	3,0000	13,0000	239,0000	0,0000	255,0000	0,0000	1,0000	8,0000	0,0000	1,0000
7756,3720	0,0000	22,5000	0,0000	22,5000	0,0000	3,0000	33,0000	526,0000	0,0000	562,0000	0,0000	1,0000	23,0000	0,0000	1,0000
7757,5630	0,0000	22,5000	0,0000	22,5000	0,0000	1,0000	5,0000	94,0000	0,0000	100,0000	0,0000	1,0000	4,0000	0,0000	1,0000
7758,7520	0,0000	22,5000	0,0000	22,5000	0,0000	2,0000	29,0000	551,0000	0,0000	582,0000	0,0000	1,0000	17,0000	0,0000	1,0000
7759,9720	0,0000	22,5000	0,0000	22,5000	0,0000	3,0000	7,0000	135,0000	0,0000	145,0000	0,0000	1,0000	4,0000	0,0000	1,0000
7761,1530	0,0000	22,5000	0,0000	22,5000	0,0000	1,0000	6,0000	94,0000	0,0000	101,0000	0,0000	1,0000	5,0000	0,0000	1,0000
7762,5300	0,0000	22,5000	0,0000	22,5000	0,0000	2,0000	26,0000	401,0000	0,0000	429,0000	0,0000	1,0000	15,0000	0,0000	1,0000
7763,6910	0,0000	22,5000	0,0000	22,5000	0,0000	0,0000	9,0000	136,0000	0,0000	145,0000	0,0000	1,0000	7,0000	0,0000	1,0000
7764,8030	0,0000	22,5000	0,0000	22,5000	0,0000	0,0000	9,0000	122,0000	0,0000	131,0000	0,0000	1,0000	6,0000	0,0000	1,0000
7765,9630	0,0000	22,5000	0,0000	22,5000	0,0000	1,0000	31,0000	551,0000	0,0000	583,0000	0,0000	1,0000	20,0000	0,0000	1,0000
7767,1730	0,0000	22,5000	0,0000	22,5000	0,0000	1,0000	8,0000	175,0000	0,0000	184,0000	0,0000	1,0000	6,0000	0,0000	1,0000
7768,3730	0,0000	22,5000	0,0000	22,5000	0,0000	1,0000	31,0000	397,0000	0,0000	429,0000	0,0000	1,0000	23,0000	0,0000	1,0000
7769,6020	0,0000	22,5000	0,0000	22,5000	0,0000	4,0000	12,0000	286,0000	0,0000	302,0000	0,0000	1,0000	9,0000	0,0000	1,0000
7770,7730	0,0000	22,5000	0,0000	22,5000	0,0000	0,0000	1,0000	3,0000	0,0000	4,0000	0,0000	1,0000	1,0000	0,0000	1,0000
7771,9620	0,0000	22,5000	0,0000	22,5000	0,0000	0,0000	1,0000	52,0000	0,0000	53,0000	0,0000	1,0000	1,0000	0,0000	1,0000
7773,1430	0,0000	22,5000	0,0000	22,5000	0,0000	2,0000	15,0000	267,0000	0,0000	284,0000	0,0000	1,0000	11,0000	0,0000	1,0000
7774,3340	0,0000	22,5000	0,0000	22,5000	0,0000	0,0000	1,0000	3,0000	0,0000	4,0000	0,0000	1,0000	1,0000	0,0000	1,0000
7775,5220	0,0000	22,5000	0,0000	22,5000	0,0000	0,0000	10,0000	186,0000	0,0000	196,0000	0,0000	1,0000	8,0000	0,0000	1,0000
7776,6330	0,0000	22,5000	0,0000	22,5000	0,0000	4,0000	6,0000	172,0000	0,0000	182,0000	1,0000	0,0000	4,0000	0,0000	1,0000
7777,7530	0,0000	22,5000	0,0000	22,5000	0,0000	1,0000	2,0000	30,0000	0,0000	33,0000	1,0000	0,0000	2,0000	0,0000	1,0000
7778,9050	0,0000	22,5000	0,0000	22,5000	0,0000	1,0000	13,0000	198,0000	0,0000	212,0000	0,0000	1,0000	10,0000	0,0000	1,0000
7780,0230	0,0000	22,5000	0,0000	22,5000	0,0000	1,0000	10,0000	155,0000	0,0000	166,0000	0,0000	1,0000	6,0000	0,0000	1,0000
7781,1420	0,0000	22,5000	0,0000	22,5000	0,0000	0,0000	3,0000	46,0000	0,0000	49,0000	0,0000	1,0000	3,0000	0,0000	1,0000
7782,3170	0,0000	22,5000	0,0000	22,5000	0,0000	0,0000	14,0000	229,0000	0,0000	243,0000	0,0000	1,0000	11,0000	0,0000	1,0000
7783,4960	0,0000	22,5000	0,0000	22,5000	0,0000	2,0000	7,0000	117,0000	0,0000	126,0000	0,0000	1,0000	5,0000	0,0000	1,0000
7784,6030	0,0000	22,5000	0,0000	22,5000	0,0000	6,0000	43,0000	814,0000	0,0000	863,0000	1,0000	0,0000	33,0000	0,0000	1,0000
7785,7720	0,0000	22,5000	0,0000	22,5000	0,0000	0,0000	1,0000	19,0000	0,0000	20,0000	0,0000	1,0000	1,0000	0,0000	1,0000
7786,9630	0,0000	22,5000	0,0000	22,5000	0,0000	0,0000	1,0000	21,0000	0,0000	22,0000	0,0000	1,0000	1,0000	0,0000	1,0000
7788,1530	0,0000	22,5000	0,0000	22,5000	0,0000	3,0000	14,0000	282,0000	0,0000	299,0000	0,0000	1,0000	12,0000	0,0000	1,0000
7789,3730	0,0000	22,5000	0,0000	22,5000	0,0000	1,0000	1,0000	37,0000	0,0000	39,0000	1,0000	0,0000	1,0000	0,0000	1,0000
7790,5730	0,0000	22,5000	0,0000	22,5000	0,0000	2,0000	12,0000	143,0000	0,0000	157,0000	0,0000	1,0000	6,0000	0,0000	1,0000
7791,7620	0,0000	22,5000	0,0000	22,5000	0,0000	2,0000	15,0000	109,0000	0,0000	126,0000	0,0000	1,0000	11,0000	0,0000	1,0000
7792,9830	0,0000	22,5000	0,0000	22,5000	0,0000	1,0000	6,0000	126,0000	0,0000	133,0000	1,0000	0,0000	5,0000	0,0000	1,0000
7794,1830	0,0000	22,5000	0,0000	22,5000	0,0000	0,0000	2,0000	79,0000	0,0000	81,0000	0,0000	1,0000	2,0000	0,0000	1,0000
7795,3630	0,0000	22,5000	0,0000	22,5000	0,0000	0,0000	10,0000	280,0000	0,0000	290,0000	0,0000	1,0000	6,0000	0,0000	1,0000
7796,5430	0,0000	22,5000	0,0000	22,5000	0,0000	0,0000	9,0000	195,0000	0,0000	204,0000	0,0000	1,0000	5,0000	0,0000	1,0000
7797,8030	0,0000	22,5000	0,0000	22,5000	0,0000	0,0000	1,0000	66,0000	0,0000	67,0000	0,0000	1,0000	1,0000	0,0000	1,0000
7798,9830	0,0000	22,5000	0,0000	22,5000	0,0000	1,0000	10,0000	299,0000	0,0000	310,0000	0,0000	1,0000	9,0000	0,0000	1,0000
7800,1830	0,0000	22,5000	0,0000	22,5000	0,0000	0,0000	18,0000	248,0000	0,0000	266,0000	0,0000	1,0000	14,0000	0,0000	1,0000
7801,3620	0,0000	22,5000	0,0000	22,5000	0,0000	0,0000	3,0000	45,0000	0,0000	48,0000	0,0000	1,0000	3,0000	0,0000	1,0000
7802,5530	0,0000	22,5000	0,0000	22,5000	0,0000	3,0000	9,0000	201,0000	0,0000	213,0000	0,0000	1,0000	7,0000	0,0000	1,0000
7803,7830	0,0000	22,5000	0,0000	22,5000	0,0000	1,0000	4,0000	93,0000	0,0000	98,0000	0,0000	1,0000	2,0000	0,0000	1,0000
7804,9830	0,0000	22,5000	0,0000	22,5000	0,0000	0,0000	1,0000	37,0000	0,0000	38,0000	0,0000	1,0000	1,0000	0,0000	1,0000
7806,1630	0,0000	22,5000	0,0000	22,5000	0,0000	2,0000	5,0000	85,0000	0,0000	92,0000	0,0000	1,0000	4,0000	0,0000	1,0000
7807,3530	0,0000	22,5000	0,0000	22,5000	0,0000	5,0000	42,0000	813,0000	0,0000	860,0000	0,0000	1,0000	25,0000	0,0000	1,0000
7808,5820	0,0000	22,5000	0,0000	22,5000	0,0000	0,0000	7,0000	150,0000	0,0000	157,0000	0,0000	1,0000	5,0000	0,0000	1,0000
7809,7830	0,0000	22,5000	0,0000	22,5000	0,0000	4,0000	7,0000	155,0000	0,0000	166,0000	0,0000	1,0000	7,0000	0,0000	1,0000
7810,9630	0,0000	22,5000	0,0000	22,5000	0,0000	0,0000	4,0000	26,0000	0,0000	30,0000	0,0000	1,0000	3,0000	0,0000	1,0000
7812,1730	0,0000	22,5000	0,0000	22,5000	0,0000	1,0000	5,0000	30,0000	0,0000	36,0000	1,0000	0,0000	4,0000	0,0000	1,0000
7813,3630	0,0000	22,5000	0,0000	22,5000	0,0000	0,0000	5,0000	85,0000	0,0000	90,0000	0,0000	1,0000	3,0000	0,0000	1,0000
7814,5430	0,0000	22,5000	0,0000	22,5000	0,0000	5,0000	25,0000	411,0000	0,0000	441,0000	0,0000	1,0000	16,0000	0,0000	1,0000
7815,7630	0,0000	22,5000	0,0000	22,5000	0,0000	0,0000	8,0000	153,0000	0,0000	161,0000	0,0000	1,0000	4,0000	0,0000	1,0000
7816,9530	0,0000	22,5000	0,0000	22,5000	0,0000	7,0000	36,0000	529,0000	0,0000	572,0000	0,0000	1,0000	26,0000	0,0000	1,0000
7818,1730	0,0000	22,5000	0,0000	22,5000	0,0000	1,0000	16,0000	286,0000	0,0000	303,0000	0,0000	1,0000	11,0000	0,0000	1,0000
7819,4030	0,0000	22,5000	0,0000	22,5000	0,0000	0,0000	5,0000	105,0000	0,0000	110,0000	0,0000	1,0000	3,0000	0,0000	1,0000
7820,5530	0,0000	22,5000	0,0000	22,5000	0,0000	0,0000	1,0000	29,0000	0,0000	30,0000	0,0000	1,0000	1,0000	0,0000	1,0000
7821,9010	0,0000	22,5000	0,0000	22,5000	0,0000	1,0000	8,0000	195,0000	0,0000	204,0000	1,0000	0,0000	4,0000	0,0000	1,0000
7823,0140	0,0000	22,5000	0,0000	22,5000	0,0000	2,0000	10,0000	270,0000	0,0000	282,0000	0,0000	1,0000	8,0000	0,0000	1,0000
7824,1830	0,0000	22,5000	0,0000	22,5000	0,0000	0,0000	1,0000	1,0000	0,0000	2,0000	0,0000	1,0000	1,0000	0,0000	1,0000
7825,3930	0,0000	22,5000	0,0000	22,5000	0,0000	0,0000	23,0000	414,0000	0,0000	437,0000	0,0000	1,0000	19,0000	0,0000	1,0000
7826,5530	0,0000	22,5000	0,0000	22,5000	0,0000	1,0000	6,0000	68,0000	0,0000	75,0000	1,0000	0,0000	2,0000	0,0000	1,0000
7827,7830	0,0000	22,5000	0,0000	22,5000	0,0000	1,0000	7,0000	157,0000	0,0000	165,0000	0,0000	1,0000	7,0000	0,0000	1,0000
7828,9930	0,0000	22,5000	0,0000	22,5000	0,0000	0,0000	9,0000	91,0000	0,0000	100,0000	0,0000	1,0000	5,0000	0,0000	1,0000
7830,1730	0,0000	22,5000	0,0000	22,5000	0,0000	0,0000	2,0000	9,0000	0,0000	11,0000	0,0000	1,0000	1,0000	0,0000	1,0000
7831,3730	0,0000	22,5000	0,0000	22,5000	0,0000	1,0000	15,0000	295,0000	0,0000	311,0000	0,0000	1,0000	8,0000	0,0000	1,0000
7832,5930	0,0000	22,5000	0,0000	22,5000	0,0000	0,0000	1,0000	15,0000	0,0000	16,0000	0,0000	1,0000	1,0000	0,0000	1,0000
7833,7630	0,0000	22,5000	0,0000	22,5000	0,0000	0,0000	6,0000	69,0000	0,0000	75,0000	0,0000	1,0000	4,0000	0,0000	1,0000
7834,9630	0,0000	22,5000	0,0000	22,5000	0,0000	0,0000	4,0000	65,0000	0,0000	69,0000	0,0000	1,0000	4,0000	0,0000	1,0000
7836,1830	0,0000	22,5000	0,0000	22,5000	0,0000	0,0000	2,0000	9,0000	0,0000	11,0000	0,0000	1,0000	2,0000	0,0000	1,0000
7837,3730	0,0000	22,5000	0,0000	22,5000	0,0000	0,0000	19,0000	268,0000	0,0000	287,0000	0,0000	1,0000	12,0000	0,0000	1,0000
7838,5730	0,0000	22,5000	0,0000	22,5000	0,0000	0,0000	19,0000	269,0000	0,0000	288,0000	0,0000	1,0000	15,0000	0,0000	1,0000
7839,7530	0,0000	22,5000	0,0000	22,5000	0,0000	1,0000	8,0000	262,0000	0,0000	271,0000	0,0000	1,0000	8,0000	0,0000	1,0000
7841,0140	0,0000	22,5000	0,0000	22,5000	0,0000	3,0000	9,0000	386,0000	0,0000	398,0000	0,0000	1,0000	6,0000	0,0000	1,0000
7842,1930	0,0000	22,5000	0,0000	22,5000	0,0000	0,0000	6,0000	86,0000	0,0000	92,0000	0,0000	1,0000	5,0000	0,0000	1,0000
7843,3730	0,0000	22,5000	0,0000	22,5000	0,0000	1,0000	19,0000	429,0000	0,0000	449,0000	0,0000	1,0000	18,0000	0,0000	1,0000
7844,5730	0,0000	22,5000	0,0000	22,5000	0,0000	0,0000	1,0000	4,0000	0,0000	5,0000	0,0000	1,0000	1,0000	0,0000	1,0000
7845,7730	0,0000	22,5000	0,0000	22,5000	0,0000	0,0000	2,0000	34,0000	0,0000	36,0000	0,0000	1,0000	2,0000	0,0000	1,0000
7846,9730	0,0000	22,5000	0,0000	22,5000	0,0000	7,0000	46,0000	865,0000	0,0000	918,0000	0,0000	1,0000	35,0000	0,0000	1,0000
7848,1730	0,0000	22,5000	0,0000	22,5000	0,0000	0,0000	12,0000	261,0000	0,0000	273,0000	0,0000	1,0000	11,0000	0,0000	1,0000
7849,3930	0,0000	22,5000	0,0000	22,5000	0,0000	0,0000	3,0000	73,0000	0,0000	76,0000	0,0000	1,0000	3,0000	0,0000	1,0000
7850,5830	0,0000	22,5000	0,0000	22,5000	0,0000	0,0000	2,0000	75,0000	0,0000	77,0000	0,0000	1,0000	2,0000	0,0000	1,0000
