Time	HWP_P	HWP_a1	QWP_a1	HWP_a2	QWP_a2	Single Count 1	Single Count 2	Single Count 3	Single Count 4	Sum	Coincidence Count 1	Coincidence Count 2	Coincidence Count 3	Coincidence Count 4	Coincidence Sum
7953,4730	0,0000	22,5000	0,0000	22,5000	0,0000	0,0000	1,0000	3,0000	0,0000	4,0000	0,0000	1,0000	1,0000	0,0000	1,0000
7954,5930	0,0000	22,5000	0,0000	22,5000	0,0000	2,0000	9,0000	350,0000	0,0000	361,0000	0,0000	1,0000	6,0000	0,0000	1,0000
7955,7030	0,0000	22,5000	0,0000	22,5000	0,0000	8,0000	17,0000	768,0000	0,0000	793,0000	1,0000	0,0000	11,0000	0,0000	1,0000
7956,8130	0,0000	22,5000	0,0000	22,5000	0,0000	4,0000	13,0000	494,0000	0,0000	511,0000	0,0000	1,0000	10,0000	0,0000	1,0000
7957,9230	0,0000	22,5000	0,0000	22,5000	0,0000	1,0000	5,0000	62,0000	0,0000	68,0000	0,0000	1,0000	5,0000	0,0000	1,0000
7959,0430	0,0000	22,5000	0,0000	22,5000	0,0000	4,0000	33,0000	910,0000	0,0000	947,0000	0,0000	1,0000	25,0000	0,0000	1,0000
7960,1630	0,0000	22,5000	0,0000	22,5000	0,0000	9,0000	59,0000	1727,0000	0,0000	1795,0000	0,0000	1,0000	35,0000	0,0000	1,0000
7961,2820	0,0000	22,5000	0,0000	22,5000	0,0000	4,0000	18,0000	441,0000	0,0000	463,0000	0,0000	1,0000	12,0000	0,0000	1,0000
7962,3930	0,0000	22,5000	0,0000	22,5000	0,0000	0,0000	4,0000	24,0000	0,0000	28,0000	0,0000	1,0000	2,0000	0,0000	1,0000
7963,5220	0,0000	22,5000	0,0000	22,5000	0,0000	5,0000	23,0000	712,0000	0,0000	740,0000	0,0000	1,0000	10,0000	0,0000	1,0000
7964,6520	0,0000	22,5000	0,0000	22,5000	0,0000	0,0000	1,0000	54,0000	0,0000	55,0000	0,0000	1,0000	1,0000	0,0000	1,0000
7965,7730	0,0000	22,5000	0,0000	22,5000	0,0000	3,0000	3,0000	169,0000	0,0000	175,0000	1,0000	0,0000	2,0000	0,0000	1,0000
7966,9230	0,0000	22,5000	0,0000	22,5000	0,0000	0,0000	1,0000	69,0000	0,0000	70,0000	0,0000	1,0000	1,0000	0,0000	1,0000
7968,0730	0,0000	22,5000	0,0000	22,5000	0,0000	9,0000	32,0000	1194,0000	0,0000	1235,0000	0,0000	1,0000	21,0000	0,0000	1,0000
7969,1930	0,0000	22,5000	0,0000	22,5000	0,0000	1,0000	1,0000	15,0000	0,0000	17,0000	1,0000	0,0000	1,0000	0,0000	1,0000
7970,3120	0,0000	22,5000	0,0000	22,5000	0,0000	0,0000	2,0000	174,0000	0,0000	176,0000	0,0000	1,0000	2,0000	0,0000	1,0000
7972,4630	0,0000	22,5000	0,0000	22,5000	0,0000	20,0000	58,0000	1725,0000	0,0000	1803,0000	0,0000	1,0000	38,0000	0,0000	1,0000
7973,5830	0,0000	22,5000	0,0000	22,5000	0,0000	2,0000	7,0000	241,0000	0,0000	250,0000	1,0000	0,0000	4,0000	0,0000	1,0000
7974,7020	0,0000	22,5000	0,0000	22,5000	0,0000	2,0000	15,0000	418,0000	0,0000	435,0000	0,0000	1,0000	12,0000	0,0000	1,0000
7975,8140	0,0000	22,5000	0,0000	22,5000	0,0000	5,0000	12,0000	417,0000	0,0000	434,0000	0,0000	1,0000	8,0000	0,0000	1,0000
7976,9420	0,0000	22,5000	0,0000	22,5000	0,0000	0,0000	1,0000	14,0000	0,0000	15,0000	0,0000	1,0000	1,0000	0,0000	1,0000
7978,1930	0,0000	22,5000	0,0000	22,5000	0,0000	0,0000	2,0000	77,0000	0,0000	79,0000	0,0000	1,0000	1,0000	0,0000	1,0000
7979,3320	0,0000	22,5000	0,0000	22,5000	0,0000	0,0000	10,0000	189,0000	0,0000	199,0000	0,0000	1,0000	5,0000	0,0000	1,0000
7980,4520	0,0000	22,5000	0,0000	22,5000	0,0000	3,0000	15,0000	617,0000	0,0000	635,0000	0,0000	1,0000	8,0000	0,0000	1,0000
7981,5630	0,0000	22,5000	0,0000	22,5000	0,0000	2,0000	11,0000	261,0000	0,0000	274,0000	0,0000	1,0000	7,0000	0,0000	1,0000
7982,6720	0,0000	22,5000	0,0000	22,5000	0,0000	2,0000	12,0000	359,0000	0,0000	373,0000	0,0000	1,0000	9,0000	0,0000	1,0000
7983,7830	0,0000	22,5000	0,0000	22,5000	0,0000	1,0000	14,0000	407,0000	0,0000	422,0000	0,0000	1,0000	9,0000	0,0000	1,0000
7984,9230	0,0000	22,5000	0,0000	22,5000	0,0000	1,0000	9,0000	195,0000	0,0000	205,0000	0,0000	1,0000	8,0000	0,0000	1,0000
7986,0530	0,0000	22,5000	0,0000	22,5000	0,0000	0,0000	1,0000	14,0000	0,0000	15,0000	0,0000	1,0000	1,0000	0,0000	1,0000
7987,1730	0,0000	22,5000	0,0000	22,5000	0,0000	1,0000	4,0000	116,0000	0,0000	121,0000	1,0000	0,0000	3,0000	0,0000	1,0000
7988,2920	0,0000	22,5000	0,0000	22,5000	0,0000	1,0000	6,0000	156,0000	0,0000	163,0000	1,0000	0,0000	4,0000	0,0000	1,0000
7989,4030	0,0000	22,5000	0,0000	22,5000	0,0000	0,0000	4,0000	128,0000	0,0000	132,0000	0,0000	1,0000	1,0000	0,0000	1,0000
7990,5220	0,0000	22,5000	0,0000	22,5000	0,0000	1,0000	7,0000	272,0000	0,0000	280,0000	0,0000	1,0000	7,0000	0,0000	1,0000
7991,6430	0,0000	22,5000	0,0000	22,5000	0,0000	0,0000	2,0000	112,0000	0,0000	114,0000	0,0000	1,0000	1,0000	0,0000	1,0000
7992,7630	0,0000	22,5000	0,0000	22,5000	0,0000	5,0000	15,0000	472,0000	0,0000	492,0000	0,0000	1,0000	10,0000	0,0000	1,0000
7993,8820	0,0000	22,5000	0,0000	22,5000	0,0000	5,0000	13,0000	476,0000	0,0000	494,0000	0,0000	1,0000	10,0000	0,0000	1,0000
7995,0130	0,0000	22,5000	0,0000	22,5000	0,0000	1,0000	1,0000	75,0000	0,0000	77,0000	0,0000	1,0000	1,0000	0,0000	1,0000
7996,1230	0,0000	22,5000	0,0000	22,5000	0,0000	6,0000	25,0000	805,0000	0,0000	836,0000	0,0000	1,0000	19,0000	0,0000	1,0000
7997,2530	0,0000	22,5000	0,0000	22,5000	0,0000	0,0000	2,0000	7,0000	0,0000	9,0000	0,0000	1,0000	2,0000	0,0000	1,0000
7998,3730	0,0000	22,5000	0,0000	22,5000	0,0000	1,0000	20,0000	524,0000	0,0000	545,0000	0,0000	1,0000	15,0000	0,0000	1,0000
7999,4920	0,0000	22,5000	0,0000	22,5000	0,0000	7,0000	25,0000	713,0000	0,0000	745,0000	1,0000	0,0000	15,0000	0,0000	1,0000
8000,6030	0,0000	22,5000	0,0000	22,5000	0,0000	2,0000	2,0000	87,0000	0,0000	91,0000	1,0000	0,0000	1,0000	0,0000	1,0000
8001,7230	0,0000	22,5000	0,0000	22,5000	0,0000	2,0000	8,0000	175,0000	0,0000	185,0000	1,0000	0,0000	3,0000	0,0000	1,0000
8002,8540	0,0000	22,5000	0,0000	22,5000	0,0000	5,0000	6,0000	251,0000	0,0000	262,0000	1,0000	0,0000	4,0000	0,0000	1,0000
8003,9730	0,0000	22,5000	0,0000	22,5000	0,0000	1,0000	1,0000	123,0000	0,0000	125,0000	1,0000	0,0000	0,0000	0,0000	1,0000
8005,0930	0,0000	22,5000	0,0000	22,5000	0,0000	1,0000	3,0000	153,0000	0,0000	157,0000	0,0000	1,0000	2,0000	0,0000	1,0000
8006,2030	0,0000	22,5000	0,0000	22,5000	0,0000	2,0000	4,0000	137,0000	0,0000	143,0000	0,0000	1,0000	3,0000	0,0000	1,0000
8007,3330	0,0000	22,5000	0,0000	22,5000	0,0000	0,0000	1,0000	10,0000	0,0000	11,0000	0,0000	1,0000	1,0000	0,0000	1,0000
8008,5320	0,0000	22,5000	0,0000	22,5000	0,0000	0,0000	3,0000	110,0000	0,0000	113,0000	0,0000	1,0000	2,0000	0,0000	1,0000
8009,6530	0,0000	22,5000	0,0000	22,5000	0,0000	1,0000	12,0000	331,0000	0,0000	344,0000	0,0000	1,0000	9,0000	0,0000	1,0000
8010,7730	0,0000	22,5000	0,0000	22,5000	0,0000	4,0000	17,0000	423,0000	0,0000	444,0000	0,0000	1,0000	10,0000	0,0000	1,0000
8011,8930	0,0000	22,5000	0,0000	22,5000	0,0000	3,0000	7,0000	199,0000	0,0000	209,0000	0,0000	1,0000	6,0000	0,0000	1,0000
8013,0140	0,0000	22,5000	0,0000	22,5000	0,0000	0,0000	12,0000	212,0000	0,0000	224,0000	0,0000	1,0000	9,0000	0,0000	1,0000
8014,1230	0,0000	22,5000	0,0000	22,5000	0,0000	2,0000	11,0000	382,0000	0,0000	395,0000	0,0000	1,0000	7,0000	0,0000	1,0000
8015,2640	0,0000	22,5000	0,0000	22,5000	0,0000	0,0000	1,0000	26,0000	0,0000	27,0000	0,0000	1,0000	1,0000	0,0000	1,0000
8016,3730	0,0000	22,5000	0,0000	22,5000	0,0000	0,0000	3,0000	52,0000	0,0000	55,0000	0,0000	1,0000	3,0000	0,0000	1,0000
8017,5330	0,0000	22,5000	0,0000	22,5000	0,0000	3,0000	13,0000	450,0000	0,0000	466,0000	0,0000	1,0000	8,0000	0,0000	1,0000
8018,6530	0,0000	22,5000	0,0000	22,5000	0,0000	1,0000	6,0000	113,0000	0,0000	120,0000	1,0000	0,0000	5,0000	0,0000	1,0000
8019,7730	0,0000	22,5000	0,0000	22,5000	0,0000	3,0000	11,0000	379,0000	0,0000	393,0000	0,0000	1,0000	9,0000	0,0000	1,0000
8020,8920	0,0000	22,5000	0,0000	22,5000	0,0000	4,0000	12,0000	315,0000	0,0000	331,0000	0,0000	1,0000	10,0000	0,0000	1,0000
8022,0030	0,0000	22,5000	0,0000	22,5000	0,0000	6,0000	20,0000	606,0000	0,0000	632,0000	0,0000	1,0000	16,0000	0,0000	1,0000
8023,1330	0,0000	22,5000	0,0000	22,5000	0,0000	4,0000	5,0000	182,0000	0,0000	191,0000	0,0000	1,0000	4,0000	0,0000	1,0000
8024,2530	0,0000	22,5000	0,0000	22,5000	0,0000	0,0000	1,0000	34,0000	0,0000	35,0000	0,0000	1,0000	1,0000	0,0000	1,0000
8025,3730	0,0000	22,5000	0,0000	22,5000	0,0000	2,0000	21,0000	535,0000	0,0000	558,0000	1,0000	0,0000	14,0000	0,0000	1,0000
8026,4920	0,0000	22,5000	0,0000	22,5000	0,0000	8,0000	29,0000	1023,0000	0,0000	1060,0000	1,0000	0,0000	22,0000	0,0000	1,0000
8027,6120	0,0000	22,5000	0,0000	22,5000	0,0000	1,0000	15,0000	368,0000	0,0000	384,0000	0,0000	1,0000	14,0000	0,0000	1,0000
8028,7330	0,0000	22,5000	0,0000	22,5000	0,0000	0,0000	2,0000	33,0000	0,0000	35,0000	0,0000	1,0000	2,0000	0,0000	1,0000
8029,8830	0,0000	22,5000	0,0000	22,5000	0,0000	1,0000	3,0000	48,0000	0,0000	52,0000	0,0000	1,0000	3,0000	0,0000	1,0000
8031,0030	0,0000	22,5000	0,0000	22,5000	0,0000	2,0000	10,0000	270,0000	0,0000	282,0000	0,0000	1,0000	9,0000	0,0000	1,0000
8032,1230	0,0000	22,5000	0,0000	22,5000	0,0000	5,0000	7,0000	394,0000	0,0000	406,0000	0,0000	1,0000	5,0000	0,0000	1,0000
8033,2530	0,0000	22,5000	0,0000	22,5000	0,0000	0,0000	3,0000	80,0000	0,0000	83,0000	0,0000	1,0000	3,0000	0,0000	1,0000
8034,3730	0,0000	22,5000	0,0000	22,5000	0,0000	0,0000	3,0000	38,0000	0,0000	41,0000	0,0000	1,0000	2,0000	0,0000	1,0000
8035,4830	0,0000	22,5000	0,0000	22,5000	0,0000	3,0000	33,0000	1194,0000	0,0000	1230,0000	0,0000	1,0000	22,0000	0,0000	1,0000
8036,5920	0,0000	22,5000	0,0000	22,5000	0,0000	4,0000	8,0000	195,0000	0,0000	207,0000	0,0000	1,0000	5,0000	0,0000	1,0000
8037,7430	0,0000	22,5000	0,0000	22,5000	0,0000	3,0000	7,0000	258,0000	0,0000	268,0000	1,0000	0,0000	7,0000	0,0000	1,0000
8038,9430	0,0000	22,5000	0,0000	22,5000	0,0000	1,0000	2,0000	22,0000	0,0000	25,0000	0,0000	1,0000	2,0000	0,0000	1,0000
8040,1230	0,0000	22,5000	0,0000	22,5000	0,0000	9,0000	25,0000	796,0000	0,0000	830,0000	0,0000	1,0000	12,0000	0,0000	1,0000
8041,2430	0,0000	22,5000	0,0000	22,5000	0,0000	7,0000	31,0000	1150,0000	0,0000	1188,0000	0,0000	1,0000	21,0000	0,0000	1,0000
8042,3620	0,0000	22,5000	0,0000	22,5000	0,0000	2,0000	8,0000	229,0000	0,0000	239,0000	0,0000	1,0000	5,0000	0,0000	1,0000
8043,4730	0,0000	22,5000	0,0000	22,5000	0,0000	5,0000	27,0000	676,0000	0,0000	708,0000	0,0000	1,0000	14,0000	0,0000	1,0000
8044,6020	0,0000	22,5000	0,0000	22,5000	0,0000	1,0000	2,0000	95,0000	0,0000	98,0000	0,0000	1,0000	2,0000	0,0000	1,0000
8045,7230	0,0000	22,5000	0,0000	22,5000	0,0000	1,0000	0,0000	40,0000	0,0000	41,0000	1,0000	0,0000	0,0000	0,0000	1,0000
8046,8630	0,0000	22,5000	0,0000	22,5000	0,0000	1,0000	1,0000	58,0000	0,0000	60,0000	0,0000	1,0000	1,0000	0,0000	1,0000
8047,9830	0,0000	22,5000	0,0000	22,5000	0,0000	3,0000	9,0000	289,0000	0,0000	301,0000	0,0000	1,0000	3,0000	0,0000	1,0000
8049,1020	0,0000	22,5000	0,0000	22,5000	0,0000	1,0000	9,0000	230,0000	0,0000	240,0000	0,0000	1,0000	8,0000	0,0000	1,0000
8050,2140	0,0000	22,5000	0,0000	22,5000	0,0000	0,0000	1,0000	29,0000	0,0000	30,0000	0,0000	1,0000	1,0000	0,0000	1,0000
8051,3520	0,0000	22,5000	0,0000	22,5000	0,0000	2,0000	2,0000	111,0000	0,0000	115,0000	1,0000	0,0000	0,0000	0,0000	1,0000
8052,5430	0,0000	22,5000	0,0000	22,5000	0,0000	0,0000	5,0000	80,0000	0,0000	85,0000	0,0000	1,0000	4,0000	0,0000	1,0000
8053,7330	0,0000	22,5000	0,0000	22,5000	0,0000	2,0000	5,0000	193,0000	0,0000	200,0000	0,0000	1,0000	4,0000	0,0000	1,0000
8054,8520	0,0000	22,5000	0,0000	22,5000	0,0000	1,0000	1,0000	35,0000	0,0000	37,0000	0,0000	1,0000	1,0000	0,0000	1,0000
8055,9730	0,0000	22,5000	0,0000	22,5000	0,0000	1,0000	1,0000	53,0000	0,0000	55,0000	1,0000	0,0000	0,0000	0,0000	1,0000
8057,0820	0,0000	22,5000	0,0000	22,5000	0,0000	0,0000	6,0000	188,0000	0,0000	194,0000	0,0000	1,0000	5,0000	0,0000	1,0000
8058,1930	0,0000	22,5000	0,0000	22,5000	0,0000	0,0000	4,0000	120,0000	0,0000	124,0000	0,0000	1,0000	2,0000	0,0000	1,0000
8059,3430	0,0000	22,5000	0,0000	22,5000	0,0000	0,0000	1,0000	9,0000	0,0000	10,0000	0,0000	1,0000	1,0000	0,0000	1,0000
8060,5440	0,0000	22,5000	0,0000	22,5000	0,0000	0,0000	3,0000	91,0000	0,0000	94,0000	0,0000	1,0000	2,0000	0,0000	1,0000
8061,6530	0,0000	22,5000	0,0000	22,5000	0,0000	4,0000	16,0000	783,0000	0,0000	803,0000	1,0000	0,0000	13,0000	0,0000	1,0000
8062,7730	0,0000	22,5000	0,0000	22,5000	0,0000	1,0000	1,0000	11,0000	0,0000	13,0000	0,0000	1,0000	1,0000	0,0000	1,0000
8063,8930	0,0000	22,5000	0,0000	22,5000	0,0000	0,0000	2,0000	104,0000	0,0000	106,0000	0,0000	1,0000	1,0000	0,0000	1,0000
8065,0020	0,0000	22,5000	0,0000	22,5000	0,0000	1,0000	13,0000	384,0000	0,0000	398,0000	0,0000	1,0000	11,0000	0,0000	1,0000
8066,1320	0,0000	22,5000	0,0000	22,5000	0,0000	1,0000	5,0000	159,0000	0,0000	165,0000	1,0000	0,0000	3,0000	0,0000	1,0000
8067,3330	0,0000	22,5000	0,0000	22,5000	0,0000	3,0000	15,0000	417,0000	0,0000	435,0000	0,0000	1,0000	9,0000	0,0000	1,0000
8068,4530	0,0000	22,5000	0,0000	22,5000	0,0000	0,0000	7,0000	132,0000	0,0000	139,0000	0,0000	1,0000	6,0000	0,0000	1,0000
8069,5730	0,0000	22,5000	0,0000	22,5000	0,0000	4,0000	18,0000	444,0000	0,0000	466,0000	0,0000	1,0000	14,0000	0,0000	1,0000
8070,7030	0,0000	22,5000	0,0000	22,5000	0,0000	0,0000	3,0000	48,0000	0,0000	51,0000	0,0000	1,0000	1,0000	0,0000	1,0000
8071,8130	0,0000	22,5000	0,0000	22,5000	0,0000	0,0000	2,0000	165,0000	0,0000	167,0000	0,0000	1,0000	1,0000	0,0000	1,0000
8072,9430	0,0000	22,5000	0,0000	22,5000	0,0000	0,0000	4,0000	76,0000	0,0000	80,0000	0,0000	1,0000	4,0000	0,0000	1,0000
8074,1530	0,0000	22,5000	0,0000	22,5000	0,0000	0,0000	1,0000	12,0000	0,0000	13,0000	0,0000	1,0000	1,0000	0,0000	1,0000
8075,3430	0,0000	22,5000	0,0000	22,5000	0,0000	0,0000	6,0000	172,0000	0,0000	178,0000	0,0000	1,0000	6,0000	0,0000	1,0000
8076,5430	0,0000	22,5000	0,0000	22,5000	0,0000	1,0000	7,0000	125,0000	0,0000	133,0000	0,0000	1,0000	5,0000	0,0000	1,0000
8077,7420	0,0000	22,5000	0,0000	22,5000	0,0000	1,0000	3,0000	67,0000	0,0000	71,0000	1,0000	0,0000	2,0000	0,0000	1,0000
8078,9430	0,0000	22,5000	0,0000	22,5000	0,0000	10,0000	36,0000	961,0000	0,0000	1007,0000	1,0000	0,0000	23,0000	0,0000	1,0000
8080,1630	0,0000	22,5000	0,0000	22,5000	0,0000	5,0000	20,0000	634,0000	0,0000	659,0000	0,0000	1,0000	11,0000	0,0000	1,0000
8081,3420	0,0000	22,5000	0,0000	22,5000	0,0000	7,0000	26,0000	841,0000	0,0000	874,0000	1,0000	0,0000	18,0000	0,0000	1,0000
8082,5630	0,0000	22,5000	0,0000	22,5000	0,0000	0,0000	11,0000	371,0000	0,0000	382,0000	0,0000	1,0000	7,0000	0,0000	1,0000
8083,7430	0,0000	22,5000	0,0000	22,5000	0,0000	4,0000	4,0000	122,0000	0,0000	130,0000	1,0000	0,0000	2,0000	0,0000	1,0000
8084,9420	0,0000	22,5000	0,0000	22,5000	0,0000	6,0000	33,0000	1037,0000	0,0000	1076,0000	1,0000	0,0000	23,0000	0,0000	1,0000
8086,1430	0,0000	22,5000	0,0000	22,5000	0,0000	0,0000	2,0000	39,0000	0,0000	41,0000	0,0000	1,0000	2,0000	0,0000	1,0000
8087,3430	0,0000	22,5000	0,0000	22,5000	0,0000	3,0000	20,0000	554,0000	0,0000	577,0000	1,0000	0,0000	14,0000	0,0000	1,0000
8088,5530	0,0000	22,5000	0,0000	22,5000	0,0000	1,0000	5,0000	118,0000	0,0000	124,0000	0,0000	1,0000	5,0000	0,0000	1,0000
8089,7530	0,0000	22,5000	0,0000	22,5000	0,0000	3,0000	21,0000	622,0000	0,0000	646,0000	0,0000	1,0000	18,0000	0,0000	1,0000
8090,9520	0,0000	22,5000	0,0000	22,5000	0,0000	0,0000	27,0000	739,0000	0,0000	766,0000	0,0000	1,0000	20,0000	0,0000	1,0000
8092,2760	0,0000	22,5000	0,0000	22,5000	0,0000	4,0000	14,0000	811,0000	0,0000	829,0000	0,0000	1,0000	12,0000	0,0000	1,0000
8093,3930	0,0000	22,5000	0,0000	22,5000	0,0000	1,0000	10,0000	290,0000	0,0000	301,0000	0,0000	1,0000	6,0000	0,0000	1,0000
8094,5330	0,0000	22,5000	0,0000	22,5000	0,0000	2,0000	8,0000	177,0000	0,0000	187,0000	1,0000	0,0000	4,0000	0,0000	1,0000
8095,6530	0,0000	22,5000	0,0000	22,5000	0,0000	2,0000	3,0000	79,0000	0,0000	84,0000	0,0000	1,0000	1,0000	0,0000	1,0000
8096,7720	0,0000	22,5000	0,0000	22,5000	0,0000	4,0000	8,0000	220,0000	0,0000	232,0000	0,0000	1,0000	6,0000	0,0000	1,0000
8097,8820	0,0000	22,5000	0,0000	22,5000	0,0000	1,0000	14,0000	415,0000	0,0000	430,0000	0,0000	1,0000	13,0000	0,0000	1,0000
8098,9920	0,0000	22,5000	0,0000	22,5000	0,0000	2,0000	2,0000	47,0000	0,0000	51,0000	1,0000	0,0000	1,0000	0,0000	1,0000
8100,1530	0,0000	22,5000	0,0000	22,5000	0,0000	0,0000	8,0000	128,0000	0,0000	136,0000	0,0000	1,0000	6,0000	0,0000	1,0000
8101,4510	0,0000	22,5000	0,0000	22,5000	0,0000	0,0000	4,0000	60,0000	0,0000	64,0000	0,0000	1,0000	4,0000	0,0000	1,0000
8102,5640	0,0000	22,5000	0,0000	22,5000	0,0000	1,0000	17,0000	566,0000	0,0000	584,0000	0,0000	1,0000	12,0000	0,0000	1,0000
8103,7330	0,0000	22,5000	0,0000	22,5000	0,0000	1,0000	9,0000	611,0000	0,0000	621,0000	0,0000	1,0000	4,0000	0,0000	1,0000
8104,9030	0,0000	22,5000	0,0000	22,5000	0,0000	0,0000	4,0000	53,0000	0,0000	57,0000	0,0000	1,0000	4,0000	0,0000	1,0000
8106,0220	0,0000	22,5000	0,0000	22,5000	0,0000	6,0000	27,0000	738,0000	0,0000	771,0000	0,0000	1,0000	16,0000	0,0000	1,0000
8107,1330	0,0000	22,5000	0,0000	22,5000	0,0000	8,0000	33,0000	877,0000	0,0000	918,0000	0,0000	1,0000	27,0000	0,0000	1,0000
8108,2950	0,0000	22,5000	0,0000	22,5000	0,0000	0,0000	7,0000	143,0000	0,0000	150,0000	0,0000	1,0000	6,0000	0,0000	1,0000
8109,4030	0,0000	22,5000	0,0000	22,5000	0,0000	0,0000	2,0000	26,0000	0,0000	28,0000	0,0000	1,0000	2,0000	0,0000	1,0000
8110,5420	0,0000	22,5000	0,0000	22,5000	0,0000	2,0000	12,0000	281,0000	0,0000	295,0000	1,0000	0,0000	6,0000	0,0000	1,0000
8111,8220	0,0000	22,5000	0,0000	22,5000	0,0000	1,0000	16,0000	258,0000	0,0000	275,0000	0,0000	1,0000	10,0000	0,0000	1,0000
8112,9530	0,0000	22,5000	0,0000	22,5000	0,0000	1,0000	4,0000	225,0000	0,0000	230,0000	0,0000	1,0000	3,0000	0,0000	1,0000
8114,1430	0,0000	22,5000	0,0000	22,5000	0,0000	4,0000	23,0000	627,0000	0,0000	654,0000	0,0000	1,0000	17,0000	0,0000	1,0000
8115,3420	0,0000	22,5000	0,0000	22,5000	0,0000	3,0000	25,0000	746,0000	0,0000	774,0000	0,0000	1,0000	17,0000	0,0000	1,0000
8117,4820	0,0000	22,5000	0,0000	22,5000	0,0000	8,0000	39,0000	1245,0000	0,0000	1292,0000	0,0000	1,0000	27,0000	0,0000	1,0000
8118,6030	0,0000	22,5000	0,0000	22,5000	0,0000	2,0000	19,0000	798,0000	0,0000	819,0000	0,0000	1,0000	13,0000	0,0000	1,0000
8119,7530	0,0000	22,5000	0,0000	22,5000	0,0000	1,0000	17,0000	675,0000	0,0000	693,0000	0,0000	1,0000	13,0000	0,0000	1,0000
8120,9530	0,0000	22,5000	0,0000	22,5000	0,0000	0,0000	3,0000	335,0000	0,0000	338,0000	0,0000	1,0000	3,0000	0,0000	1,0000
8122,2470	0,0000	22,5000	0,0000	22,5000	0,0000	0,0000	4,0000	121,0000	0,0000	125,0000	0,0000	1,0000	2,0000	0,0000	1,0000
8123,3830	0,0000	22,5000	0,0000	22,5000	0,0000	0,0000	1,0000	36,0000	0,0000	37,0000	0,0000	1,0000	1,0000	0,0000	1,0000
8124,5420	0,0000	22,5000	0,0000	22,5000	0,0000	5,0000	15,0000	534,0000	0,0000	554,0000	1,0000	0,0000	11,0000	0,0000	1,0000
8125,7230	0,0000	22,5000	0,0000	22,5000	0,0000	0,0000	5,0000	243,0000	0,0000	248,0000	0,0000	1,0000	4,0000	0,0000	1,0000
8126,8540	0,0000	22,5000	0,0000	22,5000	0,0000	0,0000	12,0000	308,0000	0,0000	320,0000	0,0000	1,0000	9,0000	0,0000	1,0000
8127,9720	0,0000	22,5000	0,0000	22,5000	0,0000	2,0000	5,0000	211,0000	0,0000	218,0000	0,0000	1,0000	2,0000	0,0000	1,0000
8129,0930	0,0000	22,5000	0,0000	22,5000	0,0000	5,0000	18,0000	455,0000	0,0000	478,0000	0,0000	1,0000	12,0000	0,0000	1,0000
8130,2020	0,0000	22,5000	0,0000	22,5000	0,0000	2,0000	8,0000	124,0000	0,0000	134,0000	0,0000	1,0000	6,0000	0,0000	1,0000
8131,3530	0,0000	22,5000	0,0000	22,5000	0,0000	4,0000	14,0000	613,0000	0,0000	631,0000	0,0000	1,0000	8,0000	0,0000	1,0000
8132,5720	0,0000	22,5000	0,0000	22,5000	0,0000	3,0000	25,0000	613,0000	0,0000	641,0000	0,0000	1,0000	19,0000	0,0000	1,0000
8133,7430	0,0000	22,5000	0,0000	22,5000	0,0000	4,0000	36,0000	1277,0000	0,0000	1317,0000	1,0000	0,0000	26,0000	0,0000	1,0000
8134,9320	0,0000	22,5000	0,0000	22,5000	0,0000	0,0000	2,0000	23,0000	0,0000	25,0000	0,0000	1,0000	2,0000	0,0000	1,0000
8136,0520	0,0000	22,5000	0,0000	22,5000	0,0000	2,0000	14,0000	283,0000	0,0000	299,0000	0,0000	1,0000	9,0000	0,0000	1,0000
8137,1730	0,0000	22,5000	0,0000	22,5000	0,0000	0,0000	7,0000	211,0000	0,0000	218,0000	0,0000	1,0000	6,0000	0,0000	1,0000
8138,2860	0,0000	22,5000	0,0000	22,5000	0,0000	3,0000	10,0000	276,0000	0,0000	289,0000	0,0000	1,0000	9,0000	0,0000	1,0000
8139,4030	0,0000	22,5000	0,0000	22,5000	0,0000	5,0000	24,0000	840,0000	0,0000	869,0000	0,0000	1,0000	18,0000	0,0000	1,0000
8140,5430	0,0000	22,5000	0,0000	22,5000	0,0000	0,0000	3,0000	87,0000	0,0000	90,0000	0,0000	1,0000	3,0000	0,0000	1,0000
8141,8220	0,0000	22,5000	0,0000	22,5000	0,0000	1,0000	3,0000	146,0000	0,0000	150,0000	1,0000	0,0000	1,0000	0,0000	1,0000
8142,9520	0,0000	22,5000	0,0000	22,5000	0,0000	2,0000	18,0000	525,0000	0,0000	545,0000	0,0000	1,0000	13,0000	0,0000	1,0000
8144,1430	0,0000	22,5000	0,0000	22,5000	0,0000	1,0000	6,0000	183,0000	0,0000	190,0000	1,0000	0,0000	4,0000	0,0000	1,0000
8145,3230	0,0000	22,5000	0,0000	22,5000	0,0000	0,0000	5,0000	203,0000	0,0000	208,0000	0,0000	1,0000	3,0000	0,0000	1,0000
8146,4430	0,0000	22,5000	0,0000	22,5000	0,0000	1,0000	3,0000	184,0000	0,0000	188,0000	0,0000	1,0000	2,0000	0,0000	1,0000
8147,5630	0,0000	22,5000	0,0000	22,5000	0,0000	1,0000	2,0000	61,0000	0,0000	64,0000	1,0000	0,0000	1,0000	0,0000	1,0000
8148,6820	0,0000	22,5000	0,0000	22,5000	0,0000	3,0000	4,0000	185,0000	0,0000	192,0000	0,0000	1,0000	4,0000	0,0000	1,0000
8149,7930	0,0000	22,5000	0,0000	22,5000	0,0000	0,0000	16,0000	521,0000	0,0000	537,0000	0,0000	1,0000	11,0000	0,0000	1,0000
8150,9430	0,0000	22,5000	0,0000	22,5000	0,0000	0,0000	1,0000	3,0000	0,0000	4,0000	0,0000	1,0000	1,0000	0,0000	1,0000
8152,1230	0,0000	22,5000	0,0000	22,5000	0,0000	1,0000	13,0000	309,0000	0,0000	323,0000	0,0000	1,0000	8,0000	0,0000	1,0000
8153,2530	0,0000	22,5000	0,0000	22,5000	0,0000	0,0000	4,0000	60,0000	0,0000	64,0000	0,0000	1,0000	4,0000	0,0000	1,0000
8154,3720	0,0000	22,5000	0,0000	22,5000	0,0000	7,0000	14,0000	480,0000	0,0000	501,0000	1,0000	0,0000	10,0000	0,0000	1,0000
8155,4940	0,0000	22,5000	0,0000	22,5000	0,0000	0,0000	3,0000	24,0000	0,0000	27,0000	0,0000	1,0000	2,0000	0,0000	1,0000
8156,6030	0,0000	22,5000	0,0000	22,5000	0,0000	10,0000	26,0000	907,0000	0,0000	943,0000	0,0000	1,0000	13,0000	0,0000	1,0000
8157,7530	0,0000	22,5000	0,0000	22,5000	0,0000	3,0000	11,0000	355,0000	0,0000	369,0000	0,0000	1,0000	9,0000	0,0000	1,0000
8158,9630	0,0000	22,5000	0,0000	22,5000	0,0000	0,0000	2,0000	55,0000	0,0000	57,0000	0,0000	1,0000	2,0000	0,0000	1,0000
8160,1430	0,0000	22,5000	0,0000	22,5000	0,0000	4,0000	10,0000	468,0000	0,0000	482,0000	0,0000	1,0000	6,0000	0,0000	1,0000
8161,5020	0,0000	22,5000	0,0000	22,5000	0,0000	0,0000	4,0000	153,0000	0,0000	157,0000	0,0000	1,0000	4,0000	0,0000	1,0000
8162,6140	0,0000	22,5000	0,0000	22,5000	0,0000	7,0000	18,0000	505,0000	0,0000	530,0000	0,0000	1,0000	13,0000	0,0000	1,0000
8163,7520	0,0000	22,5000	0,0000	22,5000	0,0000	1,0000	4,0000	161,0000	0,0000	166,0000	0,0000	1,0000	3,0000	0,0000	1,0000
8164,9320	0,0000	22,5000	0,0000	22,5000	0,0000	5,0000	22,0000	867,0000	0,0000	894,0000	0,0000	1,0000	16,0000	0,0000	1,0000
8166,1030	0,0000	22,5000	0,0000	22,5000	0,0000	1,0000	3,0000	199,0000	0,0000	203,0000	0,0000	1,0000	1,0000	0,0000	1,0000
8167,2230	0,0000	22,5000	0,0000	22,5000	0,0000	0,0000	2,0000	39,0000	0,0000	41,0000	0,0000	1,0000	2,0000	0,0000	1,0000
8168,3430	0,0000	22,5000	0,0000	22,5000	0,0000	8,0000	27,0000	959,0000	0,0000	994,0000	0,0000	1,0000	22,0000	0,0000	1,0000
8169,4940	0,0000	22,5000	0,0000	22,5000	0,0000	2,0000	17,0000	405,0000	0,0000	424,0000	0,0000	1,0000	11,0000	0,0000	1,0000
8170,6030	0,0000	22,5000	0,0000	22,5000	0,0000	2,0000	2,0000	131,0000	0,0000	135,0000	0,0000	1,0000	2,0000	0,0000	1,0000
8171,7430	0,0000	22,5000	0,0000	22,5000	0,0000	0,0000	1,0000	22,0000	0,0000	23,0000	0,0000	1,0000	1,0000	0,0000	1,0000
8172,9430	0,0000	22,5000	0,0000	22,5000	0,0000	7,0000	14,0000	828,0000	0,0000	849,0000	0,0000	1,0000	13,0000	0,0000	1,0000
8174,1630	0,0000	22,5000	0,0000	22,5000	0,0000	0,0000	6,0000	135,0000	0,0000	141,0000	0,0000	1,0000	3,0000	0,0000	1,0000
8175,3430	0,0000	22,5000	0,0000	22,5000	0,0000	6,0000	6,0000	244,0000	0,0000	256,0000	1,0000	0,0000	5,0000	0,0000	1,0000
8176,5130	0,0000	22,5000	0,0000	22,5000	0,0000	2,0000	9,0000	182,0000	0,0000	193,0000	0,0000	1,0000	8,0000	0,0000	1,0000
8177,6320	0,0000	22,5000	0,0000	22,5000	0,0000	1,0000	3,0000	64,0000	0,0000	68,0000	0,0000	1,0000	3,0000	0,0000	1,0000
8178,7530	0,0000	22,5000	0,0000	22,5000	0,0000	3,0000	10,0000	382,0000	0,0000	395,0000	0,0000	1,0000	7,0000	0,0000	1,0000
8179,8770	0,0000	22,5000	0,0000	22,5000	0,0000	0,0000	1,0000	8,0000	0,0000	9,0000	0,0000	1,0000	1,0000	0,0000	1,0000
8180,9940	0,0000	22,5000	0,0000	22,5000	0,0000	0,0000	1,0000	20,0000	0,0000	21,0000	0,0000	1,0000	1,0000	0,0000	1,0000
8182,1530	0,0000	22,5000	0,0000	22,5000	0,0000	6,0000	7,0000	176,0000	0,0000	189,0000	1,0000	0,0000	6,0000	0,0000	1,0000
8183,3330	0,0000	22,5000	0,0000	22,5000	0,0000	1,0000	2,0000	110,0000	0,0000	113,0000	0,0000	1,0000	2,0000	0,0000	1,0000
8184,4720	0,0000	22,5000	0,0000	22,5000	0,0000	1,0000	3,0000	84,0000	0,0000	88,0000	0,0000	1,0000	2,0000	0,0000	1,0000
8185,6020	0,0000	22,5000	0,0000	22,5000	0,0000	0,0000	3,0000	31,0000	0,0000	34,0000	0,0000	1,0000	1,0000	0,0000	1,0000
8186,7120	0,0000	22,5000	0,0000	22,5000	0,0000	4,0000	23,0000	638,0000	0,0000	665,0000	0,0000	1,0000	14,0000	0,0000	1,0000
8187,8230	0,0000	22,5000	0,0000	22,5000	0,0000	5,0000	20,0000	484,0000	0,0000	509,0000	0,0000	1,0000	10,0000	0,0000	1,0000
8188,9620	0,0000	22,5000	0,0000	22,5000	0,0000	4,0000	8,0000	258,0000	0,0000	270,0000	0,0000	1,0000	3,0000	0,0000	1,0000
8190,1430	0,0000	22,5000	0,0000	22,5000	0,0000	3,0000	4,0000	145,0000	0,0000	152,0000	1,0000	0,0000	4,0000	0,0000	1,0000
8191,3830	0,0000	22,5000	0,0000	22,5000	0,0000	1,0000	10,0000	303,0000	0,0000	314,0000	0,0000	1,0000	7,0000	0,0000	1,0000
8192,5520	0,0000	22,5000	0,0000	22,5000	0,0000	2,0000	4,0000	93,0000	0,0000	99,0000	0,0000	1,0000	1,0000	0,0000	1,0000
8193,7220	0,0000	22,5000	0,0000	22,5000	0,0000	5,0000	23,0000	783,0000	0,0000	811,0000	0,0000	1,0000	18,0000	0,0000	1,0000
8194,8330	0,0000	22,5000	0,0000	22,5000	0,0000	2,0000	4,0000	149,0000	0,0000	155,0000	0,0000	1,0000	2,0000	0,0000	1,0000
8195,9520	0,0000	22,5000	0,0000	22,5000	0,0000	0,0000	4,0000	81,0000	0,0000	85,0000	0,0000	1,0000	3,0000	0,0000	1,0000
8197,0930	0,0000	22,5000	0,0000	22,5000	0,0000	11,0000	46,0000	1482,0000	0,0000	1539,0000	0,0000	1,0000	24,0000	0,0000	1,0000
8198,2030	0,0000	22,5000	0,0000	22,5000	0,0000	0,0000	2,0000	68,0000	0,0000	70,0000	0,0000	1,0000	2,0000	0,0000	1,0000
8199,3530	0,0000	22,5000	0,0000	22,5000	0,0000	3,0000	16,0000	361,0000	0,0000	380,0000	0,0000	1,0000	11,0000	0,0000	1,0000
8200,5830	0,0000	22,5000	0,0000	22,5000	0,0000	0,0000	3,0000	62,0000	0,0000	65,0000	0,0000	1,0000	3,0000	0,0000	1,0000
8201,7730	0,0000	22,5000	0,0000	22,5000	0,0000	2,0000	6,0000	216,0000	0,0000	224,0000	0,0000	1,0000	4,0000	0,0000	1,0000
8202,9530	0,0000	22,5000	0,0000	22,5000	0,0000	1,0000	3,0000	119,0000	0,0000	123,0000	1,0000	0,0000	2,0000	0,0000	1,0000
8204,1730	0,0000	22,5000	0,0000	22,5000	0,0000	4,0000	13,0000	401,0000	0,0000	418,0000	0,0000	1,0000	7,0000	0,0000	1,0000
8205,3630	0,0000	22,5000	0,0000	22,5000	0,0000	8,0000	11,0000	367,0000	0,0000	386,0000	1,0000	0,0000	7,0000	0,0000	1,0000
8206,5530	0,0000	22,5000	0,0000	22,5000	0,0000	12,0000	34,0000	1060,0000	0,0000	1106,0000	0,0000	1,0000	27,0000	0,0000	1,0000
8207,7430	0,0000	22,5000	0,0000	22,5000	0,0000	2,0000	12,0000	379,0000	0,0000	393,0000	0,0000	1,0000	7,0000	0,0000	1,0000
8208,9320	0,0000	22,5000	0,0000	22,5000	0,0000	0,0000	1,0000	16,0000	0,0000	17,0000	0,0000	1,0000	1,0000	0,0000	1,0000
8210,0430	0,0000	22,5000	0,0000	22,5000	0,0000	1,0000	8,0000	224,0000	0,0000	233,0000	0,0000	1,0000	7,0000	0,0000	1,0000
8211,1620	0,0000	22,5000	0,0000	22,5000	0,0000	2,0000	12,0000	335,0000	0,0000	349,0000	0,0000	1,0000	7,0000	0,0000	1,0000
8212,3140	0,0000	22,5000	0,0000	22,5000	0,0000	3,0000	7,0000	295,0000	0,0000	305,0000	0,0000	1,0000	4,0000	0,0000	1,0000
8213,4420	0,0000	22,5000	0,0000	22,5000	0,0000	3,0000	9,0000	229,0000	0,0000	241,0000	0,0000	1,0000	7,0000	0,0000	1,0000
8214,5730	0,0000	22,5000	0,0000	22,5000	0,0000	1,0000	7,0000	260,0000	0,0000	268,0000	0,0000	1,0000	6,0000	0,0000	1,0000
8215,7530	0,0000	22,5000	0,0000	22,5000	0,0000	3,0000	6,0000	199,0000	0,0000	208,0000	0,0000	1,0000	4,0000	0,0000	1,0000
8216,9730	0,0000	22,5000	0,0000	22,5000	0,0000	5,0000	12,0000	480,0000	0,0000	497,0000	0,0000	1,0000	7,0000	0,0000	1,0000
8218,1930	0,0000	22,5000	0,0000	22,5000	0,0000	5,0000	5,0000	223,0000	0,0000	233,0000	1,0000	0,0000	4,0000	0,0000	1,0000
8219,3630	0,0000	22,5000	0,0000	22,5000	0,0000	0,0000	2,0000	36,0000	0,0000	38,0000	0,0000	1,0000	2,0000	0,0000	1,0000
8220,5430	0,0000	22,5000	0,0000	22,5000	0,0000	1,0000	2,0000	72,0000	0,0000	75,0000	0,0000	1,0000	2,0000	0,0000	1,0000
8221,6530	0,0000	22,5000	0,0000	22,5000	0,0000	3,0000	14,0000	256,0000	0,0000	273,0000	0,0000	1,0000	9,0000	0,0000	1,0000
8222,7630	0,0000	22,5000	0,0000	22,5000	0,0000	5,0000	14,0000	508,0000	0,0000	527,0000	0,0000	1,0000	9,0000	0,0000	1,0000
8223,9060	0,0000	22,5000	0,0000	22,5000	0,0000	4,0000	27,0000	789,0000	0,0000	820,0000	0,0000	1,0000	22,0000	0,0000	1,0000
8225,0220	0,0000	22,5000	0,0000	22,5000	0,0000	1,0000	1,0000	29,0000	0,0000	31,0000	0,0000	1,0000	1,0000	0,0000	1,0000
8226,1640	0,0000	22,5000	0,0000	22,5000	0,0000	2,0000	11,0000	255,0000	0,0000	268,0000	0,0000	1,0000	10,0000	0,0000	1,0000
8227,3630	0,0000	22,5000	0,0000	22,5000	0,0000	2,0000	13,0000	208,0000	0,0000	223,0000	0,0000	1,0000	11,0000	0,0000	1,0000
8228,5630	0,0000	22,5000	0,0000	22,5000	0,0000	5,0000	13,0000	348,0000	0,0000	366,0000	0,0000	1,0000	8,0000	0,0000	1,0000
8229,7530	0,0000	22,5000	0,0000	22,5000	0,0000	4,0000	5,0000	236,0000	0,0000	245,0000	0,0000	1,0000	4,0000	0,0000	1,0000
8230,9430	0,0000	22,5000	0,0000	22,5000	0,0000	1,0000	3,0000	88,0000	0,0000	92,0000	0,0000	1,0000	3,0000	0,0000	1,0000
8232,1730	0,0000	22,5000	0,0000	22,5000	0,0000	6,0000	22,0000	500,0000	0,0000	528,0000	0,0000	1,0000	14,0000	0,0000	1,0000
8233,3620	0,0000	22,5000	0,0000	22,5000	0,0000	17,0000	30,0000	1292,0000	0,0000	1339,0000	0,0000	1,0000	20,0000	0,0000	1,0000
8234,5530	0,0000	22,5000	0,0000	22,5000	0,0000	0,0000	1,0000	24,0000	0,0000	25,0000	0,0000	1,0000	1,0000	0,0000	1,0000
8235,7430	0,0000	22,5000	0,0000	22,5000	0,0000	5,0000	20,0000	745,0000	0,0000	770,0000	1,0000	0,0000	9,0000	0,0000	1,0000
8236,9630	0,0000	22,5000	0,0000	22,5000	0,0000	8,0000	25,0000	1150,0000	0,0000	1183,0000	0,0000	1,0000	17,0000	0,0000	1,0000
8238,1730	0,0000	22,5000	0,0000	22,5000	0,0000	7,0000	14,0000	781,0000	0,0000	802,0000	1,0000	0,0000	9,0000	0,0000	1,0000
8239,3830	0,0000	22,5000	0,0000	22,5000	0,0000	0,0000	2,0000	118,0000	0,0000	120,0000	0,0000	1,0000	2,0000	0,0000	1,0000
8240,5820	0,0000	22,5000	0,0000	22,5000	0,0000	2,0000	10,0000	205,0000	0,0000	217,0000	0,0000	1,0000	9,0000	0,0000	1,0000
8241,7730	0,0000	22,5000	0,0000	22,5000	0,0000	6,0000	14,0000	581,0000	0,0000	601,0000	0,0000	1,0000	6,0000	0,0000	1,0000
8242,9630	0,0000	22,5000	0,0000	22,5000	0,0000	5,0000	18,0000	550,0000	0,0000	573,0000	0,0000	1,0000	12,0000	0,0000	1,0000
8244,1730	0,0000	22,5000	0,0000	22,5000	0,0000	2,0000	13,0000	292,0000	0,0000	307,0000	0,0000	1,0000	13,0000	0,0000	1,0000
8245,3730	0,0000	22,5000	0,0000	22,5000	0,0000	1,0000	3,0000	75,0000	0,0000	79,0000	0,0000	1,0000	2,0000	0,0000	1,0000
8246,5630	0,0000	22,5000	0,0000	22,5000	0,0000	0,0000	2,0000	27,0000	0,0000	29,0000	0,0000	1,0000	2,0000	0,0000	1,0000
8247,7730	0,0000	22,5000	0,0000	22,5000	0,0000	0,0000	4,0000	38,0000	0,0000	42,0000	0,0000	1,0000	3,0000	0,0000	1,0000
8248,9630	0,0000	22,5000	0,0000	22,5000	0,0000	2,0000	17,0000	369,0000	0,0000	388,0000	0,0000	1,0000	9,0000	0,0000	1,0000
8250,1530	0,0000	22,5000	0,0000	22,5000	0,0000	2,0000	6,0000	132,0000	0,0000	140,0000	1,0000	0,0000	5,0000	0,0000	1,0000
8251,3930	0,0000	22,5000	0,0000	22,5000	0,0000	2,0000	12,0000	347,0000	0,0000	361,0000	0,0000	1,0000	9,0000	0,0000	1,0000
8252,5730	0,0000	22,5000	0,0000	22,5000	0,0000	0,0000	4,0000	80,0000	0,0000	84,0000	0,0000	1,0000	2,0000	0,0000	1,0000
8253,7830	0,0000	22,5000	0,0000	22,5000	0,0000	0,0000	7,0000	244,0000	0,0000	251,0000	0,0000	1,0000	6,0000	0,0000	1,0000
8254,9630	0,0000	22,5000	0,0000	22,5000	0,0000	2,0000	18,0000	280,0000	0,0000	300,0000	1,0000	0,0000	16,0000	0,0000	1,0000
8256,1620	0,0000	22,5000	0,0000	22,5000	0,0000	1,0000	2,0000	43,0000	0,0000	46,0000	0,0000	1,0000	2,0000	0,0000	1,0000
8257,3530	0,0000	22,5000	0,0000	22,5000	0,0000	2,0000	4,0000	132,0000	0,0000	138,0000	0,0000	1,0000	2,0000	0,0000	1,0000
8258,5530	0,0000	22,5000	0,0000	22,5000	0,0000	2,0000	15,0000	338,0000	0,0000	355,0000	0,0000	1,0000	7,0000	0,0000	1,0000
8259,7430	0,0000	22,5000	0,0000	22,5000	0,0000	3,0000	20,0000	552,0000	0,0000	575,0000	0,0000	1,0000	10,0000	0,0000	1,0000
8260,9430	0,0000	22,5000	0,0000	22,5000	0,0000	1,0000	5,0000	153,0000	0,0000	159,0000	0,0000	1,0000	3,0000	0,0000	1,0000
8262,2230	0,0000	22,5000	0,0000	22,5000	0,0000	1,0000	3,0000	155,0000	0,0000	159,0000	0,0000	1,0000	2,0000	0,0000	1,0000
8263,3830	0,0000	22,5000	0,0000	22,5000	0,0000	14,0000	31,0000	1058,0000	0,0000	1103,0000	0,0000	1,0000	20,0000	0,0000	1,0000
8264,5630	0,0000	22,5000	0,0000	22,5000	0,0000	9,0000	15,0000	634,0000	0,0000	658,0000	1,0000	0,0000	13,0000	0,0000	1,0000
8265,7630	0,0000	22,5000	0,0000	22,5000	0,0000	1,0000	4,0000	127,0000	0,0000	132,0000	0,0000	1,0000	1,0000	0,0000	1,0000
8266,9630	0,0000	22,5000	0,0000	22,5000	0,0000	1,0000	5,0000	135,0000	0,0000	141,0000	0,0000	1,0000	3,0000	0,0000	1,0000
8268,1720	0,0000	22,5000	0,0000	22,5000	0,0000	4,0000	4,0000	118,0000	0,0000	126,0000	1,0000	0,0000	4,0000	0,0000	1,0000
8269,3830	0,0000	22,5000	0,0000	22,5000	0,0000	3,0000	3,0000	172,0000	0,0000	178,0000	0,0000	1,0000	3,0000	0,0000	1,0000
8270,5730	0,0000	22,5000	0,0000	22,5000	0,0000	5,0000	26,0000	838,0000	0,0000	869,0000	0,0000	1,0000	18,0000	0,0000	1,0000
8271,7620	0,0000	22,5000	0,0000	22,5000	0,0000	0,0000	4,0000	165,0000	0,0000	169,0000	0,0000	1,0000	2,0000	0,0000	1,0000
8272,9530	0,0000	22,5000	0,0000	22,5000	0,0000	1,0000	12,0000	319,0000	0,0000	332,0000	0,0000	1,0000	9,0000	0,0000	1,0000
8274,1530	0,0000	22,5000	0,0000	22,5000	0,0000	1,0000	9,0000	227,0000	0,0000	237,0000	0,0000	1,0000	6,0000	0,0000	1,0000
8275,3530	0,0000	22,5000	0,0000	22,5000	0,0000	1,0000	9,0000	371,0000	0,0000	381,0000	0,0000	1,0000	7,0000	0,0000	1,0000
8276,6030	0,0000	22,5000	0,0000	22,5000	0,0000	0,0000	2,0000	7,0000	0,0000	9,0000	0,0000	1,0000	2,0000	0,0000	1,0000
8277,7830	0,0000	22,5000	0,0000	22,5000	0,0000	0,0000	7,0000	268,0000	0,0000	275,0000	0,0000	1,0000	6,0000	0,0000	1,0000
8278,9730	0,0000	22,5000	0,0000	22,5000	0,0000	3,0000	9,0000	258,0000	0,0000	270,0000	0,0000	1,0000	6,0000	0,0000	1,0000
8280,1920	0,0000	22,5000	0,0000	22,5000	0,0000	9,0000	41,0000	1054,0000	0,0000	1104,0000	1,0000	0,0000	23,0000	0,0000	1,0000
8281,3630	0,0000	22,5000	0,0000	22,5000	0,0000	6,0000	41,0000	1217,0000	0,0000	1264,0000	0,0000	1,0000	27,0000	0,0000	1,0000
8282,5530	0,0000	22,5000	0,0000	22,5000	0,0000	10,0000	34,0000	1062,0000	0,0000	1106,0000	0,0000	1,0000	27,0000	0,0000	1,0000
8283,8130	0,0000	22,5000	0,0000	22,5000	0,0000	5,0000	27,0000	936,0000	0,0000	968,0000	0,0000	1,0000	16,0000	0,0000	1,0000
8284,9630	0,0000	22,5000	0,0000	22,5000	0,0000	6,0000	12,0000	305,0000	0,0000	323,0000	0,0000	1,0000	7,0000	0,0000	1,0000
8286,1830	0,0000	22,5000	0,0000	22,5000	0,0000	2,0000	19,0000	687,0000	0,0000	708,0000	0,0000	1,0000	11,0000	0,0000	1,0000
8287,3730	0,0000	22,5000	0,0000	22,5000	0,0000	3,0000	3,0000	106,0000	0,0000	112,0000	0,0000	1,0000	1,0000	0,0000	1,0000
8288,5930	0,0000	22,5000	0,0000	22,5000	0,0000	11,0000	31,0000	1110,0000	0,0000	1152,0000	0,0000	1,0000	21,0000	0,0000	1,0000
8289,7630	0,0000	22,5000	0,0000	22,5000	0,0000	7,0000	17,0000	394,0000	0,0000	418,0000	1,0000	0,0000	14,0000	0,0000	1,0000
8290,9820	0,0000	22,5000	0,0000	22,5000	0,0000	1,0000	3,0000	108,0000	0,0000	112,0000	0,0000	1,0000	3,0000	0,0000	1,0000
8292,1720	0,0000	22,5000	0,0000	22,5000	0,0000	6,0000	12,0000	495,0000	0,0000	513,0000	1,0000	0,0000	9,0000	0,0000	1,0000
8293,3720	0,0000	22,5000	0,0000	22,5000	0,0000	5,0000	32,0000	995,0000	0,0000	1032,0000	0,0000	1,0000	18,0000	0,0000	1,0000
8294,5730	0,0000	22,5000	0,0000	22,5000	0,0000	7,0000	38,0000	1177,0000	0,0000	1222,0000	0,0000	1,0000	28,0000	0,0000	1,0000
8295,7730	0,0000	22,5000	0,0000	22,5000	0,0000	1,0000	6,0000	193,0000	0,0000	200,0000	0,0000	1,0000	5,0000	0,0000	1,0000
8296,9830	0,0000	22,5000	0,0000	22,5000	0,0000	1,0000	5,0000	125,0000	0,0000	131,0000	1,0000	0,0000	2,0000	0,0000	1,0000
8298,1730	0,0000	22,5000	0,0000	22,5000	0,0000	6,0000	42,0000	1099,0000	0,0000	1147,0000	1,0000	0,0000	29,0000	0,0000	1,0000
8299,3730	0,0000	22,5000	0,0000	22,5000	0,0000	8,0000	35,0000	913,0000	0,0000	956,0000	0,0000	1,0000	24,0000	0,0000	1,0000
8300,5730	0,0000	22,5000	0,0000	22,5000	0,0000	8,0000	15,0000	672,0000	0,0000	695,0000	1,0000	0,0000	8,0000	0,0000	1,0000
8301,7930	0,0000	22,5000	0,0000	22,5000	0,0000	0,0000	4,0000	100,0000	0,0000	104,0000	0,0000	1,0000	2,0000	0,0000	1,0000
