Time	HWP_P	HWP_a1	QWP_a1	HWP_a2	QWP_a2	Single Count 1	Single Count 2	Single Count 3	Single Count 4	Sum	Coincidence Count 1	Coincidence Count 2	Coincidence Count 3	Coincidence Count 4	Coincidence Sum
8384,2610	0,0000	22,5000	0,0000	22,5000	0,0000	2,0000	5,0000	182,0000	0,0000	189,0000	0,0000	1,0000	4,0000	0,0000	1,0000
8385,3720	0,0000	22,5000	0,0000	22,5000	0,0000	5,0000	10,0000	348,0000	0,0000	363,0000	0,0000	1,0000	7,0000	0,0000	1,0000
8386,5130	0,0000	22,5000	0,0000	22,5000	0,0000	1,0000	4,0000	382,0000	0,0000	387,0000	0,0000	1,0000	3,0000	0,0000	1,0000
8387,6330	0,0000	22,5000	0,0000	22,5000	0,0000	3,0000	9,0000	317,0000	0,0000	329,0000	0,0000	1,0000	5,0000	0,0000	1,0000
8388,7530	0,0000	22,5000	0,0000	22,5000	0,0000	10,0000	23,0000	1512,0000	0,0000	1545,0000	0,0000	1,0000	15,0000	0,0000	1,0000
8389,8630	0,0000	22,5000	0,0000	22,5000	0,0000	0,0000	3,0000	114,0000	0,0000	117,0000	0,0000	1,0000	3,0000	0,0000	1,0000
8390,9730	0,0000	22,5000	0,0000	22,5000	0,0000	4,0000	15,0000	528,0000	0,0000	547,0000	0,0000	1,0000	9,0000	0,0000	1,0000
8392,1230	0,0000	22,5000	0,0000	22,5000	0,0000	2,0000	1,0000	85,0000	0,0000	88,0000	1,0000	0,0000	0,0000	0,0000	1,0000
8393,2530	0,0000	22,5000	0,0000	22,5000	0,0000	4,0000	8,0000	846,0000	0,0000	858,0000	0,0000	1,0000	6,0000	0,0000	1,0000
8394,3720	0,0000	22,5000	0,0000	22,5000	0,0000	9,0000	13,0000	931,0000	0,0000	953,0000	0,0000	1,0000	11,0000	0,0000	1,0000
8395,4820	0,0000	22,5000	0,0000	22,5000	0,0000	4,0000	17,0000	777,0000	0,0000	798,0000	1,0000	0,0000	10,0000	0,0000	1,0000
8396,5920	0,0000	22,5000	0,0000	22,5000	0,0000	0,0000	7,0000	535,0000	0,0000	542,0000	0,0000	1,0000	7,0000	0,0000	1,0000
8397,7130	0,0000	22,5000	0,0000	22,5000	0,0000	1,0000	4,0000	301,0000	0,0000	306,0000	0,0000	1,0000	2,0000	0,0000	1,0000
8398,8320	0,0000	22,5000	0,0000	22,5000	0,0000	0,0000	10,0000	487,0000	0,0000	497,0000	0,0000	1,0000	5,0000	0,0000	1,0000
8399,9520	0,0000	22,5000	0,0000	22,5000	0,0000	11,0000	18,0000	1277,0000	0,0000	1306,0000	1,0000	0,0000	13,0000	0,0000	1,0000
8401,0720	0,0000	22,5000	0,0000	22,5000	0,0000	1,0000	0,0000	9,0000	0,0000	10,0000	1,0000	0,0000	0,0000	0,0000	1,0000
8402,1920	0,0000	22,5000	0,0000	22,5000	0,0000	2,0000	1,0000	168,0000	0,0000	171,0000	1,0000	0,0000	1,0000	0,0000	1,0000
8403,3130	0,0000	22,5000	0,0000	22,5000	0,0000	2,0000	3,0000	256,0000	0,0000	261,0000	1,0000	0,0000	1,0000	0,0000	1,0000
8404,4330	0,0000	22,5000	0,0000	22,5000	0,0000	1,0000	5,0000	211,0000	0,0000	217,0000	0,0000	1,0000	5,0000	0,0000	1,0000
8405,5530	0,0000	22,5000	0,0000	22,5000	0,0000	3,0000	12,0000	419,0000	0,0000	434,0000	1,0000	0,0000	6,0000	0,0000	1,0000
8406,6840	0,0000	22,5000	0,0000	22,5000	0,0000	2,0000	8,0000	207,0000	0,0000	217,0000	0,0000	1,0000	6,0000	0,0000	1,0000
8407,7930	0,0000	22,5000	0,0000	22,5000	0,0000	1,0000	0,0000	2,0000	0,0000	3,0000	1,0000	0,0000	0,0000	0,0000	1,0000
8409,9520	0,0000	22,5000	0,0000	22,5000	0,0000	18,0000	40,0000	2708,0000	0,0000	2766,0000	1,0000	0,0000	27,0000	0,0000	1,0000
8412,1030	0,0000	22,5000	0,0000	22,5000	0,0000	14,0000	20,0000	2097,0000	0,0000	2131,0000	1,0000	0,0000	13,0000	0,0000	1,0000
8414,2610	0,0000	22,5000	0,0000	22,5000	0,0000	17,0000	52,0000	3288,0000	0,0000	3357,0000	1,0000	0,0000	30,0000	0,0000	1,0000
8415,3730	0,0000	22,5000	0,0000	22,5000	0,0000	6,0000	9,0000	600,0000	0,0000	615,0000	1,0000	0,0000	7,0000	0,0000	1,0000
8416,5420	0,0000	22,5000	0,0000	22,5000	0,0000	3,0000	6,0000	187,0000	0,0000	196,0000	0,0000	1,0000	5,0000	0,0000	1,0000
8417,8030	0,0000	22,5000	0,0000	22,5000	0,0000	7,0000	20,0000	1031,0000	0,0000	1058,0000	0,0000	1,0000	15,0000	0,0000	1,0000
8418,9230	0,0000	22,5000	0,0000	22,5000	0,0000	9,0000	31,0000	1828,0000	0,0000	1868,0000	0,0000	1,0000	21,0000	0,0000	1,0000
8420,0530	0,0000	22,5000	0,0000	22,5000	0,0000	1,0000	2,0000	163,0000	0,0000	166,0000	0,0000	1,0000	1,0000	0,0000	1,0000
8421,1730	0,0000	22,5000	0,0000	22,5000	0,0000	0,0000	2,0000	92,0000	0,0000	94,0000	0,0000	1,0000	2,0000	0,0000	1,0000
8422,2860	0,0000	22,5000	0,0000	22,5000	0,0000	2,0000	1,0000	67,0000	0,0000	70,0000	1,0000	0,0000	1,0000	0,0000	1,0000
8423,4030	0,0000	22,5000	0,0000	22,5000	0,0000	10,0000	16,0000	1283,0000	0,0000	1309,0000	1,0000	0,0000	12,0000	0,0000	1,0000
8424,5220	0,0000	22,5000	0,0000	22,5000	0,0000	4,0000	13,0000	693,0000	0,0000	710,0000	1,0000	0,0000	12,0000	0,0000	1,0000
8425,6530	0,0000	22,5000	0,0000	22,5000	0,0000	1,0000	4,0000	241,0000	0,0000	246,0000	0,0000	1,0000	1,0000	0,0000	1,0000
8426,7720	0,0000	22,5000	0,0000	22,5000	0,0000	5,0000	16,0000	804,0000	0,0000	825,0000	1,0000	0,0000	10,0000	0,0000	1,0000
8427,8920	0,0000	22,5000	0,0000	22,5000	0,0000	9,0000	34,0000	1869,0000	0,0000	1912,0000	1,0000	0,0000	19,0000	0,0000	1,0000
8429,0020	0,0000	22,5000	0,0000	22,5000	0,0000	5,0000	12,0000	608,0000	0,0000	625,0000	1,0000	0,0000	7,0000	0,0000	1,0000
8430,1330	0,0000	22,5000	0,0000	22,5000	0,0000	0,0000	1,0000	1,0000	0,0000	2,0000	0,0000	1,0000	1,0000	0,0000	1,0000
8431,2530	0,0000	22,5000	0,0000	22,5000	0,0000	5,0000	6,0000	408,0000	0,0000	419,0000	0,0000	1,0000	3,0000	0,0000	1,0000
8432,3830	0,0000	22,5000	0,0000	22,5000	0,0000	0,0000	1,0000	75,0000	0,0000	76,0000	0,0000	1,0000	1,0000	0,0000	1,0000
8433,5020	0,0000	22,5000	0,0000	22,5000	0,0000	0,0000	5,0000	139,0000	0,0000	144,0000	0,0000	1,0000	4,0000	0,0000	1,0000
8434,6220	0,0000	22,5000	0,0000	22,5000	0,0000	0,0000	2,0000	86,0000	0,0000	88,0000	0,0000	1,0000	2,0000	0,0000	1,0000
8435,7330	0,0000	22,5000	0,0000	22,5000	0,0000	1,0000	2,0000	103,0000	0,0000	106,0000	0,0000	1,0000	1,0000	0,0000	1,0000
8436,8530	0,0000	22,5000	0,0000	22,5000	0,0000	10,0000	2,0000	828,0000	0,0000	840,0000	1,0000	0,0000	2,0000	0,0000	1,0000
8437,9620	0,0000	22,5000	0,0000	22,5000	0,0000	4,0000	11,0000	383,0000	0,0000	398,0000	0,0000	1,0000	9,0000	0,0000	1,0000
8439,0860	0,0000	22,5000	0,0000	22,5000	0,0000	1,0000	5,0000	187,0000	0,0000	193,0000	0,0000	1,0000	3,0000	0,0000	1,0000
8440,2030	0,0000	22,5000	0,0000	22,5000	0,0000	4,0000	10,0000	960,0000	0,0000	974,0000	1,0000	0,0000	6,0000	0,0000	1,0000
8441,3330	0,0000	22,5000	0,0000	22,5000	0,0000	5,0000	9,0000	519,0000	0,0000	533,0000	0,0000	1,0000	6,0000	0,0000	1,0000
8442,4530	0,0000	22,5000	0,0000	22,5000	0,0000	4,0000	5,0000	424,0000	0,0000	433,0000	1,0000	0,0000	4,0000	0,0000	1,0000
8443,5730	0,0000	22,5000	0,0000	22,5000	0,0000	0,0000	3,0000	149,0000	0,0000	152,0000	0,0000	1,0000	1,0000	0,0000	1,0000
8444,6920	0,0000	22,5000	0,0000	22,5000	0,0000	3,0000	5,0000	676,0000	0,0000	684,0000	1,0000	0,0000	2,0000	0,0000	1,0000
8445,8030	0,0000	22,5000	0,0000	22,5000	0,0000	8,0000	5,0000	759,0000	0,0000	772,0000	1,0000	0,0000	2,0000	0,0000	1,0000
8446,9230	0,0000	22,5000	0,0000	22,5000	0,0000	0,0000	1,0000	23,0000	0,0000	24,0000	0,0000	1,0000	1,0000	0,0000	1,0000
8448,0720	0,0000	22,5000	0,0000	22,5000	0,0000	2,0000	5,0000	259,0000	0,0000	266,0000	0,0000	1,0000	3,0000	0,0000	1,0000
8449,1930	0,0000	22,5000	0,0000	22,5000	0,0000	3,0000	3,0000	168,0000	0,0000	174,0000	0,0000	1,0000	2,0000	0,0000	1,0000
8450,3120	0,0000	22,5000	0,0000	22,5000	0,0000	1,0000	0,0000	111,0000	0,0000	112,0000	1,0000	0,0000	0,0000	0,0000	1,0000
8451,4220	0,0000	22,5000	0,0000	22,5000	0,0000	1,0000	3,0000	300,0000	0,0000	304,0000	0,0000	1,0000	3,0000	0,0000	1,0000
8452,5330	0,0000	22,5000	0,0000	22,5000	0,0000	3,0000	5,0000	307,0000	0,0000	315,0000	0,0000	1,0000	3,0000	0,0000	1,0000
8453,6930	0,0000	22,5000	0,0000	22,5000	0,0000	11,0000	12,0000	876,0000	0,0000	899,0000	1,0000	0,0000	9,0000	0,0000	1,0000
8454,8130	0,0000	22,5000	0,0000	22,5000	0,0000	3,0000	5,0000	409,0000	0,0000	417,0000	0,0000	1,0000	5,0000	0,0000	1,0000
8455,9320	0,0000	22,5000	0,0000	22,5000	0,0000	3,0000	15,0000	962,0000	0,0000	980,0000	0,0000	1,0000	9,0000	0,0000	1,0000
8457,0690	0,0000	22,5000	0,0000	22,5000	0,0000	12,0000	28,0000	1391,0000	0,0000	1431,0000	0,0000	1,0000	19,0000	0,0000	1,0000
8458,1830	0,0000	22,5000	0,0000	22,5000	0,0000	6,0000	22,0000	1657,0000	0,0000	1685,0000	1,0000	0,0000	15,0000	0,0000	1,0000
8459,3330	0,0000	22,5000	0,0000	22,5000	0,0000	0,0000	4,0000	329,0000	0,0000	333,0000	0,0000	1,0000	4,0000	0,0000	1,0000
8460,4930	0,0000	22,5000	0,0000	22,5000	0,0000	0,0000	1,0000	49,0000	0,0000	50,0000	0,0000	1,0000	1,0000	0,0000	1,0000
8461,6130	0,0000	22,5000	0,0000	22,5000	0,0000	1,0000	6,0000	375,0000	0,0000	382,0000	0,0000	1,0000	5,0000	0,0000	1,0000
8462,7330	0,0000	22,5000	0,0000	22,5000	0,0000	5,0000	12,0000	929,0000	0,0000	946,0000	0,0000	1,0000	9,0000	0,0000	1,0000
8463,8640	0,0000	22,5000	0,0000	22,5000	0,0000	4,0000	2,0000	255,0000	0,0000	261,0000	1,0000	0,0000	2,0000	0,0000	1,0000
8464,9830	0,0000	22,5000	0,0000	22,5000	0,0000	11,0000	19,0000	1571,0000	0,0000	1601,0000	1,0000	0,0000	11,0000	0,0000	1,0000
8466,1330	0,0000	22,5000	0,0000	22,5000	0,0000	1,0000	4,0000	218,0000	0,0000	223,0000	0,0000	1,0000	3,0000	0,0000	1,0000
8467,2530	0,0000	22,5000	0,0000	22,5000	0,0000	4,0000	18,0000	1133,0000	0,0000	1155,0000	0,0000	1,0000	9,0000	0,0000	1,0000
8468,3720	0,0000	22,5000	0,0000	22,5000	0,0000	8,0000	19,0000	960,0000	0,0000	987,0000	0,0000	1,0000	13,0000	0,0000	1,0000
8469,4930	0,0000	22,5000	0,0000	22,5000	0,0000	0,0000	5,0000	372,0000	0,0000	377,0000	0,0000	1,0000	1,0000	0,0000	1,0000
8470,6030	0,0000	22,5000	0,0000	22,5000	0,0000	3,0000	5,0000	320,0000	0,0000	328,0000	0,0000	1,0000	2,0000	0,0000	1,0000
8471,7330	0,0000	22,5000	0,0000	22,5000	0,0000	0,0000	3,0000	55,0000	0,0000	58,0000	0,0000	1,0000	3,0000	0,0000	1,0000
8472,9130	0,0000	22,5000	0,0000	22,5000	0,0000	11,0000	16,0000	1770,0000	0,0000	1797,0000	1,0000	0,0000	10,0000	0,0000	1,0000
8474,0330	0,0000	22,5000	0,0000	22,5000	0,0000	3,0000	9,0000	394,0000	0,0000	406,0000	0,0000	1,0000	6,0000	0,0000	1,0000
8475,1520	0,0000	22,5000	0,0000	22,5000	0,0000	3,0000	5,0000	305,0000	0,0000	313,0000	1,0000	0,0000	2,0000	0,0000	1,0000
8476,2680	0,0000	22,5000	0,0000	22,5000	0,0000	2,0000	7,0000	448,0000	0,0000	457,0000	0,0000	1,0000	6,0000	0,0000	1,0000
8477,3820	0,0000	22,5000	0,0000	22,5000	0,0000	1,0000	6,0000	310,0000	0,0000	317,0000	0,0000	1,0000	5,0000	0,0000	1,0000
8479,5520	0,0000	22,5000	0,0000	22,5000	0,0000	17,0000	29,0000	3115,0000	0,0000	3161,0000	0,0000	1,0000	18,0000	0,0000	1,0000
8480,6800	0,0000	22,5000	0,0000	22,5000	0,0000	1,0000	4,0000	185,0000	0,0000	190,0000	1,0000	0,0000	3,0000	0,0000	1,0000
8481,7930	0,0000	22,5000	0,0000	22,5000	0,0000	12,0000	14,0000	1255,0000	0,0000	1281,0000	0,0000	1,0000	11,0000	0,0000	1,0000
8482,9520	0,0000	22,5000	0,0000	22,5000	0,0000	4,0000	6,0000	433,0000	0,0000	443,0000	1,0000	0,0000	4,0000	0,0000	1,0000
8484,1420	0,0000	22,5000	0,0000	22,5000	0,0000	7,0000	19,0000	1164,0000	0,0000	1190,0000	0,0000	1,0000	14,0000	0,0000	1,0000
8485,3530	0,0000	22,5000	0,0000	22,5000	0,0000	2,0000	2,0000	176,0000	0,0000	180,0000	0,0000	1,0000	1,0000	0,0000	1,0000
8486,5430	0,0000	22,5000	0,0000	22,5000	0,0000	0,0000	1,0000	4,0000	0,0000	5,0000	0,0000	1,0000	1,0000	0,0000	1,0000
8487,6530	0,0000	22,5000	0,0000	22,5000	0,0000	7,0000	7,0000	347,0000	0,0000	361,0000	0,0000	1,0000	4,0000	0,0000	1,0000
8488,7720	0,0000	22,5000	0,0000	22,5000	0,0000	2,0000	4,0000	328,0000	0,0000	334,0000	0,0000	1,0000	3,0000	0,0000	1,0000
8489,8830	0,0000	22,5000	0,0000	22,5000	0,0000	2,0000	6,0000	256,0000	0,0000	264,0000	1,0000	0,0000	3,0000	0,0000	1,0000
8490,9930	0,0000	22,5000	0,0000	22,5000	0,0000	1,0000	2,0000	172,0000	0,0000	175,0000	1,0000	0,0000	0,0000	0,0000	1,0000
8492,1330	0,0000	22,5000	0,0000	22,5000	0,0000	1,0000	5,0000	267,0000	0,0000	273,0000	0,0000	1,0000	2,0000	0,0000	1,0000
8493,3420	0,0000	22,5000	0,0000	22,5000	0,0000	2,0000	3,0000	280,0000	0,0000	285,0000	0,0000	1,0000	2,0000	0,0000	1,0000
8494,5530	0,0000	22,5000	0,0000	22,5000	0,0000	3,0000	17,0000	906,0000	0,0000	926,0000	1,0000	0,0000	9,0000	0,0000	1,0000
8495,7520	0,0000	22,5000	0,0000	22,5000	0,0000	2,0000	3,0000	260,0000	0,0000	265,0000	0,0000	1,0000	2,0000	0,0000	1,0000
8496,9530	0,0000	22,5000	0,0000	22,5000	0,0000	4,0000	8,0000	426,0000	0,0000	438,0000	0,0000	1,0000	5,0000	0,0000	1,0000
8498,1630	0,0000	22,5000	0,0000	22,5000	0,0000	4,0000	6,0000	435,0000	0,0000	445,0000	0,0000	1,0000	2,0000	0,0000	1,0000
8499,3430	0,0000	22,5000	0,0000	22,5000	0,0000	1,0000	1,0000	192,0000	0,0000	194,0000	0,0000	1,0000	1,0000	0,0000	1,0000
8500,5430	0,0000	22,5000	0,0000	22,5000	0,0000	1,0000	3,0000	187,0000	0,0000	191,0000	0,0000	1,0000	2,0000	0,0000	1,0000
8501,8030	0,0000	22,5000	0,0000	22,5000	0,0000	2,0000	8,0000	441,0000	0,0000	451,0000	1,0000	0,0000	3,0000	0,0000	1,0000
8502,9530	0,0000	22,5000	0,0000	22,5000	0,0000	7,0000	20,0000	999,0000	0,0000	1026,0000	0,0000	1,0000	12,0000	0,0000	1,0000
8504,1430	0,0000	22,5000	0,0000	22,5000	0,0000	0,0000	2,0000	70,0000	0,0000	72,0000	0,0000	1,0000	1,0000	0,0000	1,0000
8505,3430	0,0000	22,5000	0,0000	22,5000	0,0000	5,0000	8,0000	380,0000	0,0000	393,0000	1,0000	0,0000	7,0000	0,0000	1,0000
8506,5420	0,0000	22,5000	0,0000	22,5000	0,0000	4,0000	7,0000	509,0000	0,0000	520,0000	0,0000	1,0000	6,0000	0,0000	1,0000
8507,7630	0,0000	22,5000	0,0000	22,5000	0,0000	11,0000	21,0000	1258,0000	0,0000	1290,0000	0,0000	1,0000	12,0000	0,0000	1,0000
8508,9320	0,0000	22,5000	0,0000	22,5000	0,0000	0,0000	4,0000	248,0000	0,0000	252,0000	0,0000	1,0000	4,0000	0,0000	1,0000
8510,0540	0,0000	22,5000	0,0000	22,5000	0,0000	2,0000	12,0000	611,0000	0,0000	625,0000	0,0000	1,0000	10,0000	0,0000	1,0000
8511,1730	0,0000	22,5000	0,0000	22,5000	0,0000	3,0000	1,0000	166,0000	0,0000	170,0000	1,0000	0,0000	1,0000	0,0000	1,0000
8512,2920	0,0000	22,5000	0,0000	22,5000	0,0000	12,0000	14,0000	1563,0000	0,0000	1589,0000	0,0000	1,0000	8,0000	0,0000	1,0000
8513,4030	0,0000	22,5000	0,0000	22,5000	0,0000	6,0000	15,0000	1277,0000	0,0000	1298,0000	1,0000	0,0000	10,0000	0,0000	1,0000
8514,5430	0,0000	22,5000	0,0000	22,5000	0,0000	1,0000	5,0000	259,0000	0,0000	265,0000	0,0000	1,0000	2,0000	0,0000	1,0000
8515,7630	0,0000	22,5000	0,0000	22,5000	0,0000	14,0000	31,0000	2029,0000	0,0000	2074,0000	1,0000	0,0000	16,0000	0,0000	1,0000
8516,9320	0,0000	22,5000	0,0000	22,5000	0,0000	2,0000	6,0000	326,0000	0,0000	334,0000	0,0000	1,0000	6,0000	0,0000	1,0000
8518,0930	0,0000	22,5000	0,0000	22,5000	0,0000	16,0000	18,0000	1666,0000	0,0000	1700,0000	0,0000	1,0000	15,0000	0,0000	1,0000
8519,2120	0,0000	22,5000	0,0000	22,5000	0,0000	2,0000	0,0000	94,0000	0,0000	96,0000	1,0000	0,0000	0,0000	0,0000	1,0000
8520,3330	0,0000	22,5000	0,0000	22,5000	0,0000	0,0000	1,0000	15,0000	0,0000	16,0000	0,0000	1,0000	1,0000	0,0000	1,0000
8521,4720	0,0000	22,5000	0,0000	22,5000	0,0000	7,0000	8,0000	759,0000	0,0000	774,0000	0,0000	1,0000	5,0000	0,0000	1,0000
8522,5830	0,0000	22,5000	0,0000	22,5000	0,0000	2,0000	11,0000	614,0000	0,0000	627,0000	0,0000	1,0000	6,0000	0,0000	1,0000
8523,7430	0,0000	22,5000	0,0000	22,5000	0,0000	1,0000	4,0000	327,0000	0,0000	332,0000	0,0000	1,0000	2,0000	0,0000	1,0000
8524,9430	0,0000	22,5000	0,0000	22,5000	0,0000	4,0000	12,0000	629,0000	0,0000	645,0000	1,0000	0,0000	7,0000	0,0000	1,0000
8526,1420	0,0000	22,5000	0,0000	22,5000	0,0000	8,0000	9,0000	1162,0000	0,0000	1179,0000	1,0000	0,0000	6,0000	0,0000	1,0000
8527,3630	0,0000	22,5000	0,0000	22,5000	0,0000	2,0000	2,0000	223,0000	0,0000	227,0000	0,0000	1,0000	2,0000	0,0000	1,0000
8528,5530	0,0000	22,5000	0,0000	22,5000	0,0000	3,0000	5,0000	583,0000	0,0000	591,0000	0,0000	1,0000	4,0000	0,0000	1,0000
8529,7530	0,0000	22,5000	0,0000	22,5000	0,0000	8,0000	7,0000	483,0000	0,0000	498,0000	1,0000	0,0000	5,0000	0,0000	1,0000
8530,9730	0,0000	22,5000	0,0000	22,5000	0,0000	1,0000	5,0000	337,0000	0,0000	343,0000	0,0000	1,0000	3,0000	0,0000	1,0000
8532,1430	0,0000	22,5000	0,0000	22,5000	0,0000	0,0000	1,0000	75,0000	0,0000	76,0000	0,0000	1,0000	1,0000	0,0000	1,0000
8533,3130	0,0000	22,5000	0,0000	22,5000	0,0000	2,0000	3,0000	119,0000	0,0000	124,0000	1,0000	0,0000	1,0000	0,0000	1,0000
8534,4330	0,0000	22,5000	0,0000	22,5000	0,0000	1,0000	3,0000	79,0000	0,0000	83,0000	1,0000	0,0000	2,0000	0,0000	1,0000
8535,5430	0,0000	22,5000	0,0000	22,5000	0,0000	0,0000	1,0000	11,0000	0,0000	12,0000	0,0000	1,0000	1,0000	0,0000	1,0000
8536,6760	0,0000	22,5000	0,0000	22,5000	0,0000	6,0000	3,0000	286,0000	0,0000	295,0000	1,0000	0,0000	1,0000	0,0000	1,0000
8537,7930	0,0000	22,5000	0,0000	22,5000	0,0000	8,0000	8,0000	1034,0000	0,0000	1050,0000	1,0000	0,0000	6,0000	0,0000	1,0000
8538,9330	0,0000	22,5000	0,0000	22,5000	0,0000	2,0000	4,0000	453,0000	0,0000	459,0000	0,0000	1,0000	4,0000	0,0000	1,0000
8540,1330	0,0000	22,5000	0,0000	22,5000	0,0000	9,0000	16,0000	1081,0000	0,0000	1106,0000	0,0000	1,0000	13,0000	0,0000	1,0000
8541,2530	0,0000	22,5000	0,0000	22,5000	0,0000	0,0000	2,0000	77,0000	0,0000	79,0000	0,0000	1,0000	1,0000	0,0000	1,0000
8542,3730	0,0000	22,5000	0,0000	22,5000	0,0000	2,0000	9,0000	275,0000	0,0000	286,0000	0,0000	1,0000	6,0000	0,0000	1,0000
8543,4930	0,0000	22,5000	0,0000	22,5000	0,0000	1,0000	4,0000	425,0000	0,0000	430,0000	0,0000	1,0000	3,0000	0,0000	1,0000
8544,6030	0,0000	22,5000	0,0000	22,5000	0,0000	1,0000	3,0000	136,0000	0,0000	140,0000	0,0000	1,0000	2,0000	0,0000	1,0000
8545,7430	0,0000	22,5000	0,0000	22,5000	0,0000	1,0000	1,0000	86,0000	0,0000	88,0000	1,0000	0,0000	1,0000	0,0000	1,0000
8546,9430	0,0000	22,5000	0,0000	22,5000	0,0000	0,0000	3,0000	199,0000	0,0000	202,0000	0,0000	1,0000	3,0000	0,0000	1,0000
8548,1430	0,0000	22,5000	0,0000	22,5000	0,0000	7,0000	12,0000	855,0000	0,0000	874,0000	0,0000	1,0000	8,0000	0,0000	1,0000
8549,3530	0,0000	22,5000	0,0000	22,5000	0,0000	1,0000	6,0000	382,0000	0,0000	389,0000	0,0000	1,0000	3,0000	0,0000	1,0000
8550,5730	0,0000	22,5000	0,0000	22,5000	0,0000	1,0000	3,0000	195,0000	0,0000	199,0000	0,0000	1,0000	3,0000	0,0000	1,0000
8551,7530	0,0000	22,5000	0,0000	22,5000	0,0000	5,0000	7,0000	486,0000	0,0000	498,0000	1,0000	0,0000	3,0000	0,0000	1,0000
8552,9720	0,0000	22,5000	0,0000	22,5000	0,0000	0,0000	2,0000	47,0000	0,0000	49,0000	0,0000	1,0000	1,0000	0,0000	1,0000
8554,1530	0,0000	22,5000	0,0000	22,5000	0,0000	4,0000	2,0000	241,0000	0,0000	247,0000	1,0000	0,0000	1,0000	0,0000	1,0000
8555,3430	0,0000	22,5000	0,0000	22,5000	0,0000	3,0000	6,0000	455,0000	0,0000	464,0000	0,0000	1,0000	5,0000	0,0000	1,0000
8556,5330	0,0000	22,5000	0,0000	22,5000	0,0000	4,0000	6,0000	441,0000	0,0000	451,0000	1,0000	0,0000	3,0000	0,0000	1,0000
8557,6430	0,0000	22,5000	0,0000	22,5000	0,0000	6,0000	17,0000	1267,0000	0,0000	1290,0000	0,0000	1,0000	13,0000	0,0000	1,0000
8558,7630	0,0000	22,5000	0,0000	22,5000	0,0000	1,0000	6,0000	174,0000	0,0000	181,0000	0,0000	1,0000	5,0000	0,0000	1,0000
8559,8780	0,0000	22,5000	0,0000	22,5000	0,0000	1,0000	3,0000	99,0000	0,0000	103,0000	1,0000	0,0000	2,0000	0,0000	1,0000
8560,9930	0,0000	22,5000	0,0000	22,5000	0,0000	0,0000	2,0000	158,0000	0,0000	160,0000	0,0000	1,0000	2,0000	0,0000	1,0000
8562,1430	0,0000	22,5000	0,0000	22,5000	0,0000	2,0000	4,0000	267,0000	0,0000	273,0000	0,0000	1,0000	4,0000	0,0000	1,0000
8563,3330	0,0000	22,5000	0,0000	22,5000	0,0000	2,0000	4,0000	294,0000	0,0000	300,0000	1,0000	0,0000	3,0000	0,0000	1,0000
8564,4530	0,0000	22,5000	0,0000	22,5000	0,0000	4,0000	9,0000	399,0000	0,0000	412,0000	1,0000	0,0000	5,0000	0,0000	1,0000
8565,5720	0,0000	22,5000	0,0000	22,5000	0,0000	7,0000	24,0000	1981,0000	0,0000	2012,0000	0,0000	1,0000	16,0000	0,0000	1,0000
8566,6850	0,0000	22,5000	0,0000	22,5000	0,0000	4,0000	7,0000	391,0000	0,0000	402,0000	0,0000	1,0000	5,0000	0,0000	1,0000
8567,8030	0,0000	22,5000	0,0000	22,5000	0,0000	5,0000	16,0000	1021,0000	0,0000	1042,0000	0,0000	1,0000	14,0000	0,0000	1,0000
8568,9530	0,0000	22,5000	0,0000	22,5000	0,0000	7,0000	7,0000	654,0000	0,0000	668,0000	1,0000	0,0000	5,0000	0,0000	1,0000
8570,1430	0,0000	22,5000	0,0000	22,5000	0,0000	1,0000	5,0000	141,0000	0,0000	147,0000	0,0000	1,0000	5,0000	0,0000	1,0000
8571,3520	0,0000	22,5000	0,0000	22,5000	0,0000	3,0000	8,0000	531,0000	0,0000	542,0000	0,0000	1,0000	8,0000	0,0000	1,0000
8572,5430	0,0000	22,5000	0,0000	22,5000	0,0000	8,0000	18,0000	1121,0000	0,0000	1147,0000	0,0000	1,0000	11,0000	0,0000	1,0000
8573,7620	0,0000	22,5000	0,0000	22,5000	0,0000	0,0000	4,0000	232,0000	0,0000	236,0000	0,0000	1,0000	3,0000	0,0000	1,0000
8574,9330	0,0000	22,5000	0,0000	22,5000	0,0000	1,0000	7,0000	539,0000	0,0000	547,0000	0,0000	1,0000	6,0000	0,0000	1,0000
8576,1430	0,0000	22,5000	0,0000	22,5000	0,0000	1,0000	6,0000	291,0000	0,0000	298,0000	0,0000	1,0000	3,0000	0,0000	1,0000
8577,3230	0,0000	22,5000	0,0000	22,5000	0,0000	1,0000	4,0000	164,0000	0,0000	169,0000	0,0000	1,0000	3,0000	0,0000	1,0000
8578,4720	0,0000	22,5000	0,0000	22,5000	0,0000	2,0000	10,0000	569,0000	0,0000	581,0000	0,0000	1,0000	8,0000	0,0000	1,0000
8579,5830	0,0000	22,5000	0,0000	22,5000	0,0000	1,0000	5,0000	438,0000	0,0000	444,0000	0,0000	1,0000	3,0000	0,0000	1,0000
8580,7020	0,0000	22,5000	0,0000	22,5000	0,0000	8,0000	5,0000	409,0000	0,0000	422,0000	1,0000	0,0000	3,0000	0,0000	1,0000
8581,8130	0,0000	22,5000	0,0000	22,5000	0,0000	4,0000	4,0000	540,0000	0,0000	548,0000	0,0000	1,0000	3,0000	0,0000	1,0000
8582,9520	0,0000	22,5000	0,0000	22,5000	0,0000	1,0000	0,0000	64,0000	0,0000	65,0000	1,0000	0,0000	0,0000	0,0000	1,0000
8584,1430	0,0000	22,5000	0,0000	22,5000	0,0000	2,0000	0,0000	36,0000	0,0000	38,0000	1,0000	0,0000	0,0000	0,0000	1,0000
8585,2530	0,0000	22,5000	0,0000	22,5000	0,0000	0,0000	1,0000	15,0000	0,0000	16,0000	0,0000	1,0000	1,0000	0,0000	1,0000
8586,3720	0,0000	22,5000	0,0000	22,5000	0,0000	10,0000	20,0000	1293,0000	0,0000	1323,0000	1,0000	0,0000	12,0000	0,0000	1,0000
8587,5040	0,0000	22,5000	0,0000	22,5000	0,0000	1,0000	5,0000	304,0000	0,0000	310,0000	0,0000	1,0000	5,0000	0,0000	1,0000
8588,6220	0,0000	22,5000	0,0000	22,5000	0,0000	2,0000	3,0000	184,0000	0,0000	189,0000	1,0000	0,0000	3,0000	0,0000	1,0000
8589,7520	0,0000	22,5000	0,0000	22,5000	0,0000	1,0000	3,0000	419,0000	0,0000	423,0000	1,0000	0,0000	2,0000	0,0000	1,0000
8590,9330	0,0000	22,5000	0,0000	22,5000	0,0000	1,0000	10,0000	472,0000	0,0000	483,0000	0,0000	1,0000	6,0000	0,0000	1,0000
8592,0520	0,0000	22,5000	0,0000	22,5000	0,0000	2,0000	13,0000	996,0000	0,0000	1011,0000	0,0000	1,0000	8,0000	0,0000	1,0000
8593,1720	0,0000	22,5000	0,0000	22,5000	0,0000	1,0000	2,0000	117,0000	0,0000	120,0000	0,0000	1,0000	2,0000	0,0000	1,0000
8594,2930	0,0000	22,5000	0,0000	22,5000	0,0000	4,0000	6,0000	255,0000	0,0000	265,0000	1,0000	0,0000	6,0000	0,0000	1,0000
8595,4030	0,0000	22,5000	0,0000	22,5000	0,0000	0,0000	2,0000	95,0000	0,0000	97,0000	0,0000	1,0000	2,0000	0,0000	1,0000
8596,5620	0,0000	22,5000	0,0000	22,5000	0,0000	1,0000	1,0000	73,0000	0,0000	75,0000	1,0000	0,0000	1,0000	0,0000	1,0000
8597,7420	0,0000	22,5000	0,0000	22,5000	0,0000	4,0000	10,0000	598,0000	0,0000	612,0000	0,0000	1,0000	6,0000	0,0000	1,0000
8598,9720	0,0000	22,5000	0,0000	22,5000	0,0000	4,0000	14,0000	948,0000	0,0000	966,0000	0,0000	1,0000	8,0000	0,0000	1,0000
8600,1530	0,0000	22,5000	0,0000	22,5000	0,0000	9,0000	21,0000	1356,0000	0,0000	1386,0000	0,0000	1,0000	18,0000	0,0000	1,0000
8601,4880	0,0000	22,5000	0,0000	22,5000	0,0000	2,0000	4,0000	210,0000	0,0000	216,0000	0,0000	1,0000	3,0000	0,0000	1,0000
8602,6030	0,0000	22,5000	0,0000	22,5000	0,0000	4,0000	8,0000	319,0000	0,0000	331,0000	0,0000	1,0000	7,0000	0,0000	1,0000
8603,7430	0,0000	22,5000	0,0000	22,5000	0,0000	6,0000	18,0000	1075,0000	0,0000	1099,0000	0,0000	1,0000	15,0000	0,0000	1,0000
8604,9620	0,0000	22,5000	0,0000	22,5000	0,0000	9,0000	29,0000	1743,0000	0,0000	1781,0000	1,0000	0,0000	20,0000	0,0000	1,0000
8606,1520	0,0000	22,5000	0,0000	22,5000	0,0000	2,0000	8,0000	244,0000	0,0000	254,0000	0,0000	1,0000	7,0000	0,0000	1,0000
8607,3630	0,0000	22,5000	0,0000	22,5000	0,0000	4,0000	8,0000	505,0000	0,0000	517,0000	1,0000	0,0000	4,0000	0,0000	1,0000
8608,5330	0,0000	22,5000	0,0000	22,5000	0,0000	2,0000	4,0000	156,0000	0,0000	162,0000	0,0000	1,0000	4,0000	0,0000	1,0000
8609,7330	0,0000	22,5000	0,0000	22,5000	0,0000	3,0000	5,0000	515,0000	0,0000	523,0000	0,0000	1,0000	3,0000	0,0000	1,0000
8610,9130	0,0000	22,5000	0,0000	22,5000	0,0000	2,0000	5,0000	375,0000	0,0000	382,0000	1,0000	0,0000	3,0000	0,0000	1,0000
8612,0230	0,0000	22,5000	0,0000	22,5000	0,0000	1,0000	3,0000	136,0000	0,0000	140,0000	0,0000	1,0000	3,0000	0,0000	1,0000
8613,1430	0,0000	22,5000	0,0000	22,5000	0,0000	0,0000	3,0000	141,0000	0,0000	144,0000	0,0000	1,0000	2,0000	0,0000	1,0000
8614,2990	0,0000	22,5000	0,0000	22,5000	0,0000	2,0000	6,0000	828,0000	0,0000	836,0000	0,0000	1,0000	3,0000	0,0000	1,0000
8615,4140	0,0000	22,5000	0,0000	22,5000	0,0000	6,0000	14,0000	944,0000	0,0000	964,0000	0,0000	1,0000	11,0000	0,0000	1,0000
8616,5720	0,0000	22,5000	0,0000	22,5000	0,0000	8,0000	19,0000	1208,0000	0,0000	1235,0000	0,0000	1,0000	13,0000	0,0000	1,0000
8617,7430	0,0000	22,5000	0,0000	22,5000	0,0000	0,0000	2,0000	181,0000	0,0000	183,0000	0,0000	1,0000	1,0000	0,0000	1,0000
8618,9630	0,0000	22,5000	0,0000	22,5000	0,0000	0,0000	3,0000	168,0000	0,0000	171,0000	0,0000	1,0000	3,0000	0,0000	1,0000
8620,1630	0,0000	22,5000	0,0000	22,5000	0,0000	2,0000	20,0000	1059,0000	0,0000	1081,0000	1,0000	0,0000	14,0000	0,0000	1,0000
8621,3730	0,0000	22,5000	0,0000	22,5000	0,0000	3,0000	1,0000	459,0000	0,0000	463,0000	1,0000	0,0000	1,0000	0,0000	1,0000
8622,5730	0,0000	22,5000	0,0000	22,5000	0,0000	1,0000	10,0000	572,0000	0,0000	583,0000	0,0000	1,0000	9,0000	0,0000	1,0000
8623,7530	0,0000	22,5000	0,0000	22,5000	0,0000	6,0000	8,0000	565,0000	0,0000	579,0000	0,0000	1,0000	6,0000	0,0000	1,0000
8625,0020	0,0000	22,5000	0,0000	22,5000	0,0000	1,0000	1,0000	105,0000	0,0000	107,0000	1,0000	0,0000	1,0000	0,0000	1,0000
8626,1520	0,0000	22,5000	0,0000	22,5000	0,0000	1,0000	7,0000	253,0000	0,0000	261,0000	0,0000	1,0000	4,0000	0,0000	1,0000
8627,3430	0,0000	22,5000	0,0000	22,5000	0,0000	3,0000	6,0000	178,0000	0,0000	187,0000	0,0000	1,0000	4,0000	0,0000	1,0000
8628,5530	0,0000	22,5000	0,0000	22,5000	0,0000	1,0000	6,0000	428,0000	0,0000	435,0000	0,0000	1,0000	3,0000	0,0000	1,0000
8629,7730	0,0000	22,5000	0,0000	22,5000	0,0000	0,0000	1,0000	91,0000	0,0000	92,0000	0,0000	1,0000	1,0000	0,0000	1,0000
8630,9620	0,0000	22,5000	0,0000	22,5000	0,0000	0,0000	1,0000	13,0000	0,0000	14,0000	0,0000	1,0000	1,0000	0,0000	1,0000
8632,1830	0,0000	22,5000	0,0000	22,5000	0,0000	10,0000	22,0000	1046,0000	0,0000	1078,0000	1,0000	0,0000	16,0000	0,0000	1,0000
8634,4220	0,0000	22,5000	0,0000	22,5000	0,0000	19,0000	34,0000	2319,0000	0,0000	2372,0000	0,0000	1,0000	23,0000	0,0000	1,0000
8635,5420	0,0000	22,5000	0,0000	22,5000	0,0000	12,0000	13,0000	1298,0000	0,0000	1323,0000	1,0000	0,0000	11,0000	0,0000	1,0000
8636,7000	0,0000	22,5000	0,0000	22,5000	0,0000	0,0000	5,0000	333,0000	0,0000	338,0000	0,0000	1,0000	4,0000	0,0000	1,0000
8637,8130	0,0000	22,5000	0,0000	22,5000	0,0000	3,0000	2,0000	360,0000	0,0000	365,0000	0,0000	1,0000	1,0000	0,0000	1,0000
8638,9630	0,0000	22,5000	0,0000	22,5000	0,0000	2,0000	3,0000	190,0000	0,0000	195,0000	0,0000	1,0000	2,0000	0,0000	1,0000
8640,1520	0,0000	22,5000	0,0000	22,5000	0,0000	0,0000	7,0000	274,0000	0,0000	281,0000	0,0000	1,0000	5,0000	0,0000	1,0000
8641,5090	0,0000	22,5000	0,0000	22,5000	0,0000	0,0000	2,0000	28,0000	0,0000	30,0000	0,0000	1,0000	2,0000	0,0000	1,0000
8642,6220	0,0000	22,5000	0,0000	22,5000	0,0000	10,0000	12,0000	763,0000	0,0000	785,0000	1,0000	0,0000	8,0000	0,0000	1,0000
8643,7630	0,0000	22,5000	0,0000	22,5000	0,0000	7,0000	20,0000	1135,0000	0,0000	1162,0000	1,0000	0,0000	11,0000	0,0000	1,0000
8644,9530	0,0000	22,5000	0,0000	22,5000	0,0000	10,0000	12,0000	852,0000	0,0000	874,0000	0,0000	1,0000	7,0000	0,0000	1,0000
8646,1730	0,0000	22,5000	0,0000	22,5000	0,0000	4,0000	17,0000	723,0000	0,0000	744,0000	0,0000	1,0000	10,0000	0,0000	1,0000
8647,3630	0,0000	22,5000	0,0000	22,5000	0,0000	3,0000	0,0000	225,0000	0,0000	228,0000	1,0000	0,0000	0,0000	0,0000	1,0000
8648,5630	0,0000	22,5000	0,0000	22,5000	0,0000	6,0000	9,0000	472,0000	0,0000	487,0000	0,0000	1,0000	4,0000	0,0000	1,0000
8649,7740	0,0000	22,5000	0,0000	22,5000	0,0000	1,0000	8,0000	507,0000	0,0000	516,0000	0,0000	1,0000	6,0000	0,0000	1,0000
8650,9830	0,0000	22,5000	0,0000	22,5000	0,0000	1,0000	3,0000	130,0000	0,0000	134,0000	0,0000	1,0000	2,0000	0,0000	1,0000
8653,2130	0,0000	22,5000	0,0000	22,5000	0,0000	7,0000	36,0000	2038,0000	0,0000	2081,0000	1,0000	0,0000	17,0000	0,0000	1,0000
8654,3330	0,0000	22,5000	0,0000	22,5000	0,0000	15,0000	25,0000	1686,0000	0,0000	1726,0000	0,0000	1,0000	16,0000	0,0000	1,0000
8655,5230	0,0000	22,5000	0,0000	22,5000	0,0000	4,0000	10,0000	341,0000	0,0000	355,0000	0,0000	1,0000	4,0000	0,0000	1,0000
8656,7040	0,0000	22,5000	0,0000	22,5000	0,0000	0,0000	1,0000	118,0000	0,0000	119,0000	0,0000	1,0000	1,0000	0,0000	1,0000
8657,8900	0,0000	22,5000	0,0000	22,5000	0,0000	2,0000	3,0000	170,0000	0,0000	175,0000	0,0000	1,0000	3,0000	0,0000	1,0000
8659,0030	0,0000	22,5000	0,0000	22,5000	0,0000	0,0000	1,0000	66,0000	0,0000	67,0000	0,0000	1,0000	1,0000	0,0000	1,0000
8660,1830	0,0000	22,5000	0,0000	22,5000	0,0000	0,0000	2,0000	231,0000	0,0000	233,0000	0,0000	1,0000	2,0000	0,0000	1,0000
8661,3630	0,0000	22,5000	0,0000	22,5000	0,0000	0,0000	3,0000	235,0000	0,0000	238,0000	0,0000	1,0000	3,0000	0,0000	1,0000
8663,5920	0,0000	22,5000	0,0000	22,5000	0,0000	14,0000	28,0000	1718,0000	0,0000	1760,0000	0,0000	1,0000	18,0000	0,0000	1,0000
8664,7120	0,0000	22,5000	0,0000	22,5000	0,0000	3,0000	6,0000	390,0000	0,0000	399,0000	0,0000	1,0000	5,0000	0,0000	1,0000
8665,8440	0,0000	22,5000	0,0000	22,5000	0,0000	3,0000	7,0000	588,0000	0,0000	598,0000	1,0000	0,0000	4,0000	0,0000	1,0000
8666,9730	0,0000	22,5000	0,0000	22,5000	0,0000	2,0000	8,0000	582,0000	0,0000	592,0000	1,0000	0,0000	4,0000	0,0000	1,0000
8668,1630	0,0000	22,5000	0,0000	22,5000	0,0000	1,0000	6,0000	423,0000	0,0000	430,0000	0,0000	1,0000	4,0000	0,0000	1,0000
8669,3730	0,0000	22,5000	0,0000	22,5000	0,0000	3,0000	5,0000	188,0000	0,0000	196,0000	0,0000	1,0000	4,0000	0,0000	1,0000
8670,5630	0,0000	22,5000	0,0000	22,5000	0,0000	0,0000	2,0000	47,0000	0,0000	49,0000	0,0000	1,0000	2,0000	0,0000	1,0000
8671,7520	0,0000	22,5000	0,0000	22,5000	0,0000	4,0000	5,0000	355,0000	0,0000	364,0000	0,0000	1,0000	3,0000	0,0000	1,0000
8672,9520	0,0000	22,5000	0,0000	22,5000	0,0000	5,0000	21,0000	1344,0000	0,0000	1370,0000	0,0000	1,0000	16,0000	0,0000	1,0000
8674,1830	0,0000	22,5000	0,0000	22,5000	0,0000	0,0000	6,0000	165,0000	0,0000	171,0000	0,0000	1,0000	4,0000	0,0000	1,0000
8675,3630	0,0000	22,5000	0,0000	22,5000	0,0000	3,0000	1,0000	281,0000	0,0000	285,0000	1,0000	0,0000	1,0000	0,0000	1,0000
8676,5830	0,0000	22,5000	0,0000	22,5000	0,0000	5,0000	10,0000	708,0000	0,0000	723,0000	0,0000	1,0000	6,0000	0,0000	1,0000
8678,8130	0,0000	22,5000	0,0000	22,5000	0,0000	24,0000	28,0000	1927,0000	0,0000	1979,0000	1,0000	0,0000	17,0000	0,0000	1,0000
8679,9320	0,0000	22,5000	0,0000	22,5000	0,0000	4,0000	17,0000	1084,0000	0,0000	1105,0000	0,0000	1,0000	11,0000	0,0000	1,0000
8681,1130	0,0000	22,5000	0,0000	22,5000	0,0000	3,0000	2,0000	345,0000	0,0000	350,0000	0,0000	1,0000	2,0000	0,0000	1,0000
8682,2980	0,0000	22,5000	0,0000	22,5000	0,0000	2,0000	3,0000	146,0000	0,0000	151,0000	1,0000	0,0000	2,0000	0,0000	1,0000
8683,4130	0,0000	22,5000	0,0000	22,5000	0,0000	3,0000	17,0000	1083,0000	0,0000	1103,0000	0,0000	1,0000	16,0000	0,0000	1,0000
8684,5630	0,0000	22,5000	0,0000	22,5000	0,0000	11,0000	20,0000	1262,0000	0,0000	1293,0000	0,0000	1,0000	14,0000	0,0000	1,0000
8685,7630	0,0000	22,5000	0,0000	22,5000	0,0000	5,0000	18,0000	1228,0000	0,0000	1251,0000	0,0000	1,0000	14,0000	0,0000	1,0000
8686,9630	0,0000	22,5000	0,0000	22,5000	0,0000	2,0000	9,0000	897,0000	0,0000	908,0000	0,0000	1,0000	6,0000	0,0000	1,0000
8688,1630	0,0000	22,5000	0,0000	22,5000	0,0000	2,0000	8,0000	563,0000	0,0000	573,0000	0,0000	1,0000	6,0000	0,0000	1,0000
8689,3830	0,0000	22,5000	0,0000	22,5000	0,0000	3,0000	5,0000	521,0000	0,0000	529,0000	0,0000	1,0000	3,0000	0,0000	1,0000
8690,5830	0,0000	22,5000	0,0000	22,5000	0,0000	10,0000	15,0000	1227,0000	0,0000	1252,0000	0,0000	1,0000	13,0000	0,0000	1,0000
8691,7620	0,0000	22,5000	0,0000	22,5000	0,0000	5,0000	15,0000	775,0000	0,0000	795,0000	1,0000	0,0000	9,0000	0,0000	1,0000
8692,9420	0,0000	22,5000	0,0000	22,5000	0,0000	3,0000	6,0000	419,0000	0,0000	428,0000	0,0000	1,0000	6,0000	0,0000	1,0000
8694,1530	0,0000	22,5000	0,0000	22,5000	0,0000	2,0000	3,0000	249,0000	0,0000	254,0000	0,0000	1,0000	2,0000	0,0000	1,0000
8695,3830	0,0000	22,5000	0,0000	22,5000	0,0000	2,0000	1,0000	207,0000	0,0000	210,0000	0,0000	1,0000	1,0000	0,0000	1,0000
8696,5730	0,0000	22,5000	0,0000	22,5000	0,0000	5,0000	9,0000	685,0000	0,0000	699,0000	0,0000	1,0000	5,0000	0,0000	1,0000
8697,7630	0,0000	22,5000	0,0000	22,5000	0,0000	1,0000	0,0000	35,0000	0,0000	36,0000	1,0000	0,0000	0,0000	0,0000	1,0000
8698,9820	0,0000	22,5000	0,0000	22,5000	0,0000	4,0000	14,0000	703,0000	0,0000	721,0000	1,0000	0,0000	7,0000	0,0000	1,0000
8700,1830	0,0000	22,5000	0,0000	22,5000	0,0000	7,0000	26,0000	1678,0000	0,0000	1711,0000	1,0000	0,0000	17,0000	0,0000	1,0000
8701,3920	0,0000	22,5000	0,0000	22,5000	0,0000	10,0000	16,0000	1266,0000	0,0000	1292,0000	0,0000	1,0000	12,0000	0,0000	1,0000
8702,5620	0,0000	22,5000	0,0000	22,5000	0,0000	9,0000	18,0000	1240,0000	0,0000	1267,0000	0,0000	1,0000	13,0000	0,0000	1,0000
8703,7630	0,0000	22,5000	0,0000	22,5000	0,0000	3,0000	7,0000	703,0000	0,0000	713,0000	0,0000	1,0000	6,0000	0,0000	1,0000
8704,9750	0,0000	22,5000	0,0000	22,5000	0,0000	10,0000	18,0000	761,0000	0,0000	789,0000	1,0000	0,0000	14,0000	0,0000	1,0000
8706,1830	0,0000	22,5000	0,0000	22,5000	0,0000	12,0000	16,0000	1207,0000	0,0000	1235,0000	0,0000	1,0000	7,0000	0,0000	1,0000
8707,3730	0,0000	22,5000	0,0000	22,5000	0,0000	0,0000	1,0000	1,0000	0,0000	2,0000	0,0000	1,0000	1,0000	0,0000	1,0000
8708,5830	0,0000	22,5000	0,0000	22,5000	0,0000	4,0000	13,0000	788,0000	0,0000	805,0000	0,0000	1,0000	11,0000	0,0000	1,0000
8709,7730	0,0000	22,5000	0,0000	22,5000	0,0000	5,0000	12,0000	667,0000	0,0000	684,0000	0,0000	1,0000	10,0000	0,0000	1,0000
8710,9830	0,0000	22,5000	0,0000	22,5000	0,0000	0,0000	3,0000	97,0000	0,0000	100,0000	0,0000	1,0000	3,0000	0,0000	1,0000
8712,1730	0,0000	22,5000	0,0000	22,5000	0,0000	11,0000	17,0000	1272,0000	0,0000	1300,0000	0,0000	1,0000	11,0000	0,0000	1,0000
8713,4140	0,0000	22,5000	0,0000	22,5000	0,0000	6,0000	6,0000	797,0000	0,0000	809,0000	0,0000	1,0000	2,0000	0,0000	1,0000
8714,5830	0,0000	22,5000	0,0000	22,5000	0,0000	0,0000	1,0000	5,0000	0,0000	6,0000	0,0000	1,0000	1,0000	0,0000	1,0000
8715,7730	0,0000	22,5000	0,0000	22,5000	0,0000	2,0000	6,0000	355,0000	0,0000	363,0000	0,0000	1,0000	4,0000	0,0000	1,0000
8716,9730	0,0000	22,5000	0,0000	22,5000	0,0000	3,0000	11,0000	650,0000	0,0000	664,0000	0,0000	1,0000	9,0000	0,0000	1,0000
8718,1720	0,0000	22,5000	0,0000	22,5000	0,0000	7,0000	6,0000	521,0000	0,0000	534,0000	0,0000	1,0000	3,0000	0,0000	1,0000
8719,3730	0,0000	22,5000	0,0000	22,5000	0,0000	2,0000	15,0000	571,0000	0,0000	588,0000	0,0000	1,0000	11,0000	0,0000	1,0000
8720,5930	0,0000	22,5000	0,0000	22,5000	0,0000	5,0000	5,0000	287,0000	0,0000	297,0000	0,0000	1,0000	4,0000	0,0000	1,0000
8721,7730	0,0000	22,5000	0,0000	22,5000	0,0000	2,0000	3,0000	203,0000	0,0000	208,0000	1,0000	0,0000	2,0000	0,0000	1,0000
8722,9830	0,0000	22,5000	0,0000	22,5000	0,0000	8,0000	12,0000	857,0000	0,0000	877,0000	0,0000	1,0000	8,0000	0,0000	1,0000
8724,1830	0,0000	22,5000	0,0000	22,5000	0,0000	1,0000	1,0000	50,0000	0,0000	52,0000	0,0000	1,0000	1,0000	0,0000	1,0000
8725,3730	0,0000	22,5000	0,0000	22,5000	0,0000	2,0000	4,0000	206,0000	0,0000	212,0000	0,0000	1,0000	3,0000	0,0000	1,0000
8726,5730	0,0000	22,5000	0,0000	22,5000	0,0000	10,0000	16,0000	860,0000	0,0000	886,0000	0,0000	1,0000	9,0000	0,0000	1,0000
8727,7930	0,0000	22,5000	0,0000	22,5000	0,0000	1,0000	4,0000	167,0000	0,0000	172,0000	0,0000	1,0000	3,0000	0,0000	1,0000
8728,9830	0,0000	22,5000	0,0000	22,5000	0,0000	5,0000	5,0000	399,0000	0,0000	409,0000	0,0000	1,0000	5,0000	0,0000	1,0000
8730,1930	0,0000	22,5000	0,0000	22,5000	0,0000	12,0000	26,0000	1553,0000	0,0000	1591,0000	0,0000	1,0000	15,0000	0,0000	1,0000
8731,3730	0,0000	22,5000	0,0000	22,5000	0,0000	0,0000	1,0000	3,0000	0,0000	4,0000	0,0000	1,0000	1,0000	0,0000	1,0000
8732,5720	0,0000	22,5000	0,0000	22,5000	0,0000	4,0000	7,0000	494,0000	0,0000	505,0000	0,0000	1,0000	4,0000	0,0000	1,0000
8733,7820	0,0000	22,5000	0,0000	22,5000	0,0000	2,0000	5,0000	294,0000	0,0000	301,0000	0,0000	1,0000	3,0000	0,0000	1,0000
8734,9730	0,0000	22,5000	0,0000	22,5000	0,0000	5,0000	16,0000	944,0000	0,0000	965,0000	0,0000	1,0000	9,0000	0,0000	1,0000
8736,1730	0,0000	22,5000	0,0000	22,5000	0,0000	16,0000	13,0000	1257,0000	0,0000	1286,0000	1,0000	0,0000	11,0000	0,0000	1,0000
8737,3830	0,0000	22,5000	0,0000	22,5000	0,0000	9,0000	21,0000	1620,0000	0,0000	1650,0000	0,0000	1,0000	18,0000	0,0000	1,0000
8738,5830	0,0000	22,5000	0,0000	22,5000	0,0000	1,0000	1,0000	282,0000	0,0000	284,0000	0,0000	1,0000	1,0000	0,0000	1,0000
8740,8130	0,0000	22,5000	0,0000	22,5000	0,0000	13,0000	32,0000	2235,0000	0,0000	2280,0000	0,0000	1,0000	18,0000	0,0000	1,0000
