Time	HWP_P	HWP_a1	QWP_a1	HWP_a2	QWP_a2	Single Count 1	Single Count 2	Single Count 3	Single Count 4	Sum	Coincidence Count 1	Coincidence Count 2	Coincidence Count 3	Coincidence Count 4	Coincidence Sum
8945,5130	0,0000	22,5000	0,0000	22,5000	0,0000	1,0000	6,0000	400,0000	0,0000	407,0000	0,0000	1,0000	4,0000	0,0000	1,0000
8947,6530	0,0000	22,5000	0,0000	22,5000	0,0000	3,0000	20,0000	2107,0000	0,0000	2130,0000	0,0000	1,0000	10,0000	0,0000	1,0000
8948,7730	0,0000	22,5000	0,0000	22,5000	0,0000	1,0000	1,0000	95,0000	0,0000	97,0000	1,0000	0,0000	0,0000	0,0000	1,0000
8949,8920	0,0000	22,5000	0,0000	22,5000	0,0000	4,0000	6,0000	325,0000	0,0000	335,0000	0,0000	1,0000	5,0000	0,0000	1,0000
8951,0130	0,0000	22,5000	0,0000	22,5000	0,0000	5,0000	4,0000	588,0000	0,0000	597,0000	1,0000	0,0000	4,0000	0,0000	1,0000
8952,1530	0,0000	22,5000	0,0000	22,5000	0,0000	3,0000	7,0000	558,0000	0,0000	568,0000	0,0000	1,0000	4,0000	0,0000	1,0000
8953,3920	0,0000	22,5000	0,0000	22,5000	0,0000	2,0000	3,0000	403,0000	0,0000	408,0000	0,0000	1,0000	2,0000	0,0000	1,0000
8954,5230	0,0000	22,5000	0,0000	22,5000	0,0000	2,0000	9,0000	609,0000	0,0000	620,0000	0,0000	1,0000	4,0000	0,0000	1,0000
8955,6430	0,0000	22,5000	0,0000	22,5000	0,0000	0,0000	2,0000	252,0000	0,0000	254,0000	0,0000	1,0000	1,0000	0,0000	1,0000
8957,7930	0,0000	22,5000	0,0000	22,5000	0,0000	15,0000	38,0000	2901,0000	0,0000	2954,0000	0,0000	1,0000	24,0000	0,0000	1,0000
8958,9130	0,0000	22,5000	0,0000	22,5000	0,0000	2,0000	2,0000	327,0000	0,0000	331,0000	0,0000	1,0000	2,0000	0,0000	1,0000
8960,0230	0,0000	22,5000	0,0000	22,5000	0,0000	1,0000	4,0000	451,0000	0,0000	456,0000	0,0000	1,0000	4,0000	0,0000	1,0000
8961,1430	0,0000	22,5000	0,0000	22,5000	0,0000	12,0000	22,0000	1826,0000	0,0000	1860,0000	0,0000	1,0000	13,0000	0,0000	1,0000
8962,2620	0,0000	22,5000	0,0000	22,5000	0,0000	2,0000	6,0000	304,0000	0,0000	312,0000	0,0000	1,0000	5,0000	0,0000	1,0000
8963,3820	0,0000	22,5000	0,0000	22,5000	0,0000	5,0000	7,0000	587,0000	0,0000	599,0000	1,0000	0,0000	2,0000	0,0000	1,0000
8964,5230	0,0000	22,5000	0,0000	22,5000	0,0000	5,0000	10,0000	856,0000	0,0000	871,0000	1,0000	0,0000	8,0000	0,0000	1,0000
8965,6530	0,0000	22,5000	0,0000	22,5000	0,0000	3,0000	9,0000	653,0000	0,0000	665,0000	0,0000	1,0000	7,0000	0,0000	1,0000
8966,7730	0,0000	22,5000	0,0000	22,5000	0,0000	0,0000	3,0000	227,0000	0,0000	230,0000	0,0000	1,0000	3,0000	0,0000	1,0000
8967,8920	0,0000	22,5000	0,0000	22,5000	0,0000	5,0000	7,0000	597,0000	0,0000	609,0000	1,0000	0,0000	5,0000	0,0000	1,0000
8969,0030	0,0000	22,5000	0,0000	22,5000	0,0000	5,0000	9,0000	665,0000	0,0000	679,0000	0,0000	1,0000	7,0000	0,0000	1,0000
8971,1620	0,0000	22,5000	0,0000	22,5000	0,0000	13,0000	14,0000	2152,0000	0,0000	2179,0000	0,0000	1,0000	10,0000	0,0000	1,0000
8972,2840	0,0000	22,5000	0,0000	22,5000	0,0000	3,0000	1,0000	132,0000	0,0000	136,0000	1,0000	0,0000	1,0000	0,0000	1,0000
8973,4030	0,0000	22,5000	0,0000	22,5000	0,0000	1,0000	1,0000	54,0000	0,0000	56,0000	0,0000	1,0000	1,0000	0,0000	1,0000
8974,5230	0,0000	22,5000	0,0000	22,5000	0,0000	11,0000	14,0000	889,0000	0,0000	914,0000	0,0000	1,0000	11,0000	0,0000	1,0000
8975,6430	0,0000	22,5000	0,0000	22,5000	0,0000	2,0000	6,0000	318,0000	0,0000	326,0000	0,0000	1,0000	6,0000	0,0000	1,0000
8976,7630	0,0000	22,5000	0,0000	22,5000	0,0000	11,0000	7,0000	795,0000	0,0000	813,0000	1,0000	0,0000	5,0000	0,0000	1,0000
8977,8750	0,0000	22,5000	0,0000	22,5000	0,0000	3,0000	5,0000	509,0000	0,0000	517,0000	0,0000	1,0000	4,0000	0,0000	1,0000
8978,9830	0,0000	22,5000	0,0000	22,5000	0,0000	1,0000	0,0000	50,0000	0,0000	51,0000	1,0000	0,0000	0,0000	0,0000	1,0000
8980,1220	0,0000	22,5000	0,0000	22,5000	0,0000	5,0000	10,0000	1016,0000	0,0000	1031,0000	0,0000	1,0000	8,0000	0,0000	1,0000
8981,2520	0,0000	22,5000	0,0000	22,5000	0,0000	10,0000	15,0000	1815,0000	0,0000	1840,0000	0,0000	1,0000	12,0000	0,0000	1,0000
8982,3730	0,0000	22,5000	0,0000	22,5000	0,0000	7,0000	27,0000	1732,0000	0,0000	1766,0000	0,0000	1,0000	17,0000	0,0000	1,0000
8983,4920	0,0000	22,5000	0,0000	22,5000	0,0000	3,0000	1,0000	154,0000	0,0000	158,0000	1,0000	0,0000	1,0000	0,0000	1,0000
8984,6130	0,0000	22,5000	0,0000	22,5000	0,0000	13,0000	16,0000	819,0000	0,0000	848,0000	0,0000	1,0000	11,0000	0,0000	1,0000
8985,7320	0,0000	22,5000	0,0000	22,5000	0,0000	3,0000	5,0000	973,0000	0,0000	981,0000	1,0000	0,0000	4,0000	0,0000	1,0000
8986,9560	0,0000	22,5000	0,0000	22,5000	0,0000	0,0000	2,0000	164,0000	0,0000	166,0000	0,0000	1,0000	1,0000	0,0000	1,0000
8988,1530	0,0000	22,5000	0,0000	22,5000	0,0000	1,0000	2,0000	90,0000	0,0000	93,0000	0,0000	1,0000	1,0000	0,0000	1,0000
8989,3340	0,0000	22,5000	0,0000	22,5000	0,0000	3,0000	5,0000	248,0000	0,0000	256,0000	0,0000	1,0000	5,0000	0,0000	1,0000
8990,4830	0,0000	22,5000	0,0000	22,5000	0,0000	17,0000	30,0000	2077,0000	0,0000	2124,0000	0,0000	1,0000	18,0000	0,0000	1,0000
8991,6020	0,0000	22,5000	0,0000	22,5000	0,0000	7,0000	7,0000	787,0000	0,0000	801,0000	1,0000	0,0000	5,0000	0,0000	1,0000
8992,7220	0,0000	22,5000	0,0000	22,5000	0,0000	10,0000	17,0000	1426,0000	0,0000	1453,0000	1,0000	0,0000	12,0000	0,0000	1,0000
8993,8540	0,0000	22,5000	0,0000	22,5000	0,0000	3,0000	0,0000	78,0000	0,0000	81,0000	1,0000	0,0000	0,0000	0,0000	1,0000
8994,9630	0,0000	22,5000	0,0000	22,5000	0,0000	8,0000	10,0000	847,0000	0,0000	865,0000	0,0000	1,0000	9,0000	0,0000	1,0000
8996,1330	0,0000	22,5000	0,0000	22,5000	0,0000	6,0000	10,0000	625,0000	0,0000	641,0000	0,0000	1,0000	8,0000	0,0000	1,0000
8997,2540	0,0000	22,5000	0,0000	22,5000	0,0000	3,0000	2,0000	194,0000	0,0000	199,0000	0,0000	1,0000	2,0000	0,0000	1,0000
8998,3720	0,0000	22,5000	0,0000	22,5000	0,0000	1,0000	0,0000	90,0000	0,0000	91,0000	1,0000	0,0000	0,0000	0,0000	1,0000
8999,4820	0,0000	22,5000	0,0000	22,5000	0,0000	5,0000	5,0000	555,0000	0,0000	565,0000	0,0000	1,0000	3,0000	0,0000	1,0000
9000,5930	0,0000	22,5000	0,0000	22,5000	0,0000	3,0000	4,0000	338,0000	0,0000	345,0000	0,0000	1,0000	4,0000	0,0000	1,0000
9001,7330	0,0000	22,5000	0,0000	22,5000	0,0000	0,0000	1,0000	14,0000	0,0000	15,0000	0,0000	1,0000	1,0000	0,0000	1,0000
9002,8930	0,0000	22,5000	0,0000	22,5000	0,0000	0,0000	1,0000	152,0000	0,0000	153,0000	0,0000	1,0000	1,0000	0,0000	1,0000
9004,0020	0,0000	22,5000	0,0000	22,5000	0,0000	9,0000	17,0000	1390,0000	0,0000	1416,0000	1,0000	0,0000	12,0000	0,0000	1,0000
9005,1130	0,0000	22,5000	0,0000	22,5000	0,0000	1,0000	3,0000	163,0000	0,0000	167,0000	0,0000	1,0000	3,0000	0,0000	1,0000
9006,2220	0,0000	22,5000	0,0000	22,5000	0,0000	5,0000	19,0000	1130,0000	0,0000	1154,0000	1,0000	0,0000	15,0000	0,0000	1,0000
9007,3430	0,0000	22,5000	0,0000	22,5000	0,0000	5,0000	3,0000	208,0000	0,0000	216,0000	1,0000	0,0000	3,0000	0,0000	1,0000
9008,5330	0,0000	22,5000	0,0000	22,5000	0,0000	1,0000	3,0000	185,0000	0,0000	189,0000	0,0000	1,0000	2,0000	0,0000	1,0000
9009,6530	0,0000	22,5000	0,0000	22,5000	0,0000	1,0000	2,0000	234,0000	0,0000	237,0000	0,0000	1,0000	1,0000	0,0000	1,0000
9010,7720	0,0000	22,5000	0,0000	22,5000	0,0000	3,0000	1,0000	257,0000	0,0000	261,0000	1,0000	0,0000	1,0000	0,0000	1,0000
9011,8920	0,0000	22,5000	0,0000	22,5000	0,0000	4,0000	5,0000	812,0000	0,0000	821,0000	0,0000	1,0000	3,0000	0,0000	1,0000
9013,0030	0,0000	22,5000	0,0000	22,5000	0,0000	6,0000	3,0000	328,0000	0,0000	337,0000	0,0000	1,0000	3,0000	0,0000	1,0000
9014,1230	0,0000	22,5000	0,0000	22,5000	0,0000	1,0000	0,0000	101,0000	0,0000	102,0000	1,0000	0,0000	0,0000	0,0000	1,0000
9015,2720	0,0000	22,5000	0,0000	22,5000	0,0000	6,0000	9,0000	690,0000	0,0000	705,0000	0,0000	1,0000	5,0000	0,0000	1,0000
9016,3930	0,0000	22,5000	0,0000	22,5000	0,0000	2,0000	2,0000	117,0000	0,0000	121,0000	1,0000	0,0000	2,0000	0,0000	1,0000
9017,5120	0,0000	22,5000	0,0000	22,5000	0,0000	0,0000	2,0000	77,0000	0,0000	79,0000	0,0000	1,0000	1,0000	0,0000	1,0000
9018,6400	0,0000	22,5000	0,0000	22,5000	0,0000	1,0000	1,0000	96,0000	0,0000	98,0000	0,0000	1,0000	1,0000	0,0000	1,0000
9020,7830	0,0000	22,5000	0,0000	22,5000	0,0000	10,0000	29,0000	2328,0000	0,0000	2367,0000	0,0000	1,0000	20,0000	0,0000	1,0000
9021,9020	0,0000	22,5000	0,0000	22,5000	0,0000	4,0000	14,0000	960,0000	0,0000	978,0000	0,0000	1,0000	11,0000	0,0000	1,0000
9023,0120	0,0000	22,5000	0,0000	22,5000	0,0000	4,0000	2,0000	368,0000	0,0000	374,0000	1,0000	0,0000	1,0000	0,0000	1,0000
9024,1330	0,0000	22,5000	0,0000	22,5000	0,0000	0,0000	1,0000	16,0000	0,0000	17,0000	0,0000	1,0000	1,0000	0,0000	1,0000
9025,3330	0,0000	22,5000	0,0000	22,5000	0,0000	9,0000	16,0000	1500,0000	0,0000	1525,0000	0,0000	1,0000	8,0000	0,0000	1,0000
9026,4530	0,0000	22,5000	0,0000	22,5000	0,0000	8,0000	9,0000	636,0000	0,0000	653,0000	1,0000	0,0000	7,0000	0,0000	1,0000
9027,5730	0,0000	22,5000	0,0000	22,5000	0,0000	3,0000	7,0000	586,0000	0,0000	596,0000	0,0000	1,0000	5,0000	0,0000	1,0000
9028,6920	0,0000	22,5000	0,0000	22,5000	0,0000	3,0000	6,0000	402,0000	0,0000	411,0000	0,0000	1,0000	3,0000	0,0000	1,0000
9029,8020	0,0000	22,5000	0,0000	22,5000	0,0000	12,0000	11,0000	1130,0000	0,0000	1153,0000	1,0000	0,0000	5,0000	0,0000	1,0000
9030,9230	0,0000	22,5000	0,0000	22,5000	0,0000	2,0000	6,0000	955,0000	0,0000	963,0000	0,0000	1,0000	5,0000	0,0000	1,0000
9032,0430	0,0000	22,5000	0,0000	22,5000	0,0000	0,0000	3,0000	58,0000	0,0000	61,0000	0,0000	1,0000	3,0000	0,0000	1,0000
9033,1630	0,0000	22,5000	0,0000	22,5000	0,0000	3,0000	8,0000	524,0000	0,0000	535,0000	1,0000	0,0000	6,0000	0,0000	1,0000
9035,3230	0,0000	22,5000	0,0000	22,5000	0,0000	13,0000	20,0000	2241,0000	0,0000	2274,0000	0,0000	1,0000	12,0000	0,0000	1,0000
9036,4430	0,0000	22,5000	0,0000	22,5000	0,0000	1,0000	2,0000	100,0000	0,0000	103,0000	0,0000	1,0000	1,0000	0,0000	1,0000
9037,5620	0,0000	22,5000	0,0000	22,5000	0,0000	0,0000	1,0000	164,0000	0,0000	165,0000	0,0000	1,0000	1,0000	0,0000	1,0000
9038,6820	0,0000	22,5000	0,0000	22,5000	0,0000	4,0000	8,0000	323,0000	0,0000	335,0000	0,0000	1,0000	7,0000	0,0000	1,0000
9039,7930	0,0000	22,5000	0,0000	22,5000	0,0000	4,0000	3,0000	351,0000	0,0000	358,0000	1,0000	0,0000	3,0000	0,0000	1,0000
9040,9430	0,0000	22,5000	0,0000	22,5000	0,0000	2,0000	3,0000	160,0000	0,0000	165,0000	0,0000	1,0000	1,0000	0,0000	1,0000
9042,2030	0,0000	22,5000	0,0000	22,5000	0,0000	2,0000	5,0000	265,0000	0,0000	272,0000	0,0000	1,0000	4,0000	0,0000	1,0000
9043,3430	0,0000	22,5000	0,0000	22,5000	0,0000	7,0000	11,0000	1071,0000	0,0000	1089,0000	1,0000	0,0000	5,0000	0,0000	1,0000
9044,5330	0,0000	22,5000	0,0000	22,5000	0,0000	0,0000	1,0000	42,0000	0,0000	43,0000	0,0000	1,0000	1,0000	0,0000	1,0000
9045,6630	0,0000	22,5000	0,0000	22,5000	0,0000	2,0000	7,0000	436,0000	0,0000	445,0000	0,0000	1,0000	4,0000	0,0000	1,0000
9047,8020	0,0000	22,5000	0,0000	22,5000	0,0000	11,0000	20,0000	1703,0000	0,0000	1734,0000	0,0000	1,0000	16,0000	0,0000	1,0000
9048,9430	0,0000	22,5000	0,0000	22,5000	0,0000	7,0000	12,0000	1450,0000	0,0000	1469,0000	0,0000	1,0000	9,0000	0,0000	1,0000
9050,1330	0,0000	22,5000	0,0000	22,5000	0,0000	0,0000	2,0000	20,0000	0,0000	22,0000	0,0000	1,0000	2,0000	0,0000	1,0000
9051,3920	0,0000	22,5000	0,0000	22,5000	0,0000	3,0000	11,0000	875,0000	0,0000	889,0000	0,0000	1,0000	8,0000	0,0000	1,0000
9052,5230	0,0000	22,5000	0,0000	22,5000	0,0000	2,0000	4,0000	157,0000	0,0000	163,0000	0,0000	1,0000	3,0000	0,0000	1,0000
9054,6820	0,0000	22,5000	0,0000	22,5000	0,0000	32,0000	40,0000	3507,0000	0,0000	3579,0000	0,0000	1,0000	25,0000	0,0000	1,0000
9056,8330	0,0000	22,5000	0,0000	22,5000	0,0000	11,0000	16,0000	2021,0000	0,0000	2048,0000	0,0000	1,0000	10,0000	0,0000	1,0000
9057,9520	0,0000	22,5000	0,0000	22,5000	0,0000	4,0000	1,0000	99,0000	0,0000	104,0000	0,0000	1,0000	1,0000	0,0000	1,0000
9059,0740	0,0000	22,5000	0,0000	22,5000	0,0000	9,0000	9,0000	969,0000	0,0000	987,0000	1,0000	0,0000	7,0000	0,0000	1,0000
9060,1830	0,0000	22,5000	0,0000	22,5000	0,0000	14,0000	24,0000	1932,0000	0,0000	1970,0000	0,0000	1,0000	15,0000	0,0000	1,0000
9061,3530	0,0000	22,5000	0,0000	22,5000	0,0000	1,0000	2,0000	117,0000	0,0000	120,0000	0,0000	1,0000	2,0000	0,0000	1,0000
9062,5430	0,0000	22,5000	0,0000	22,5000	0,0000	2,0000	2,0000	114,0000	0,0000	118,0000	0,0000	1,0000	1,0000	0,0000	1,0000
9063,7030	0,0000	22,5000	0,0000	22,5000	0,0000	2,0000	4,0000	126,0000	0,0000	132,0000	0,0000	1,0000	3,0000	0,0000	1,0000
9064,8230	0,0000	22,5000	0,0000	22,5000	0,0000	8,0000	16,0000	890,0000	0,0000	914,0000	0,0000	1,0000	13,0000	0,0000	1,0000
9065,9430	0,0000	22,5000	0,0000	22,5000	0,0000	6,0000	5,0000	555,0000	0,0000	566,0000	1,0000	0,0000	3,0000	0,0000	1,0000
9067,0670	0,0000	22,5000	0,0000	22,5000	0,0000	3,0000	6,0000	555,0000	0,0000	564,0000	1,0000	0,0000	4,0000	0,0000	1,0000
9068,1830	0,0000	22,5000	0,0000	22,5000	0,0000	8,0000	10,0000	1273,0000	0,0000	1291,0000	0,0000	1,0000	8,0000	0,0000	1,0000
9069,3330	0,0000	22,5000	0,0000	22,5000	0,0000	9,0000	12,0000	1083,0000	0,0000	1104,0000	0,0000	1,0000	7,0000	0,0000	1,0000
9070,4530	0,0000	22,5000	0,0000	22,5000	0,0000	10,0000	4,0000	704,0000	0,0000	718,0000	1,0000	0,0000	3,0000	0,0000	1,0000
9071,5730	0,0000	22,5000	0,0000	22,5000	0,0000	11,0000	14,0000	1124,0000	0,0000	1149,0000	1,0000	0,0000	11,0000	0,0000	1,0000
9072,6930	0,0000	22,5000	0,0000	22,5000	0,0000	2,0000	6,0000	867,0000	0,0000	875,0000	0,0000	1,0000	4,0000	0,0000	1,0000
9073,8030	0,0000	22,5000	0,0000	22,5000	0,0000	9,0000	9,0000	1026,0000	0,0000	1044,0000	1,0000	0,0000	8,0000	0,0000	1,0000
9074,9530	0,0000	22,5000	0,0000	22,5000	0,0000	2,0000	4,0000	264,0000	0,0000	270,0000	0,0000	1,0000	2,0000	0,0000	1,0000
9076,1520	0,0000	22,5000	0,0000	22,5000	0,0000	7,0000	13,0000	635,0000	0,0000	655,0000	0,0000	1,0000	8,0000	0,0000	1,0000
9077,3530	0,0000	22,5000	0,0000	22,5000	0,0000	1,0000	4,0000	306,0000	0,0000	311,0000	0,0000	1,0000	2,0000	0,0000	1,0000
9078,5530	0,0000	22,5000	0,0000	22,5000	0,0000	12,0000	11,0000	1210,0000	0,0000	1233,0000	0,0000	1,0000	7,0000	0,0000	1,0000
9079,7530	0,0000	22,5000	0,0000	22,5000	0,0000	6,0000	3,0000	429,0000	0,0000	438,0000	0,0000	1,0000	2,0000	0,0000	1,0000
9080,9520	0,0000	22,5000	0,0000	22,5000	0,0000	2,0000	5,0000	336,0000	0,0000	343,0000	0,0000	1,0000	3,0000	0,0000	1,0000
9082,2220	0,0000	22,5000	0,0000	22,5000	0,0000	1,0000	6,0000	487,0000	0,0000	494,0000	0,0000	1,0000	5,0000	0,0000	1,0000
9083,3430	0,0000	22,5000	0,0000	22,5000	0,0000	0,0000	2,0000	24,0000	0,0000	26,0000	0,0000	1,0000	2,0000	0,0000	1,0000
9084,5430	0,0000	22,5000	0,0000	22,5000	0,0000	5,0000	5,0000	442,0000	0,0000	452,0000	1,0000	0,0000	3,0000	0,0000	1,0000
9085,7530	0,0000	22,5000	0,0000	22,5000	0,0000	2,0000	6,0000	150,0000	0,0000	158,0000	0,0000	1,0000	4,0000	0,0000	1,0000
9086,9730	0,0000	22,5000	0,0000	22,5000	0,0000	9,0000	6,0000	469,0000	0,0000	484,0000	1,0000	0,0000	4,0000	0,0000	1,0000
9088,1330	0,0000	22,5000	0,0000	22,5000	0,0000	3,0000	6,0000	176,0000	0,0000	185,0000	1,0000	0,0000	5,0000	0,0000	1,0000
9089,2530	0,0000	22,5000	0,0000	22,5000	0,0000	4,0000	3,0000	535,0000	0,0000	542,0000	1,0000	0,0000	3,0000	0,0000	1,0000
9090,3720	0,0000	22,5000	0,0000	22,5000	0,0000	0,0000	4,0000	281,0000	0,0000	285,0000	0,0000	1,0000	4,0000	0,0000	1,0000
9091,4920	0,0000	22,5000	0,0000	22,5000	0,0000	8,0000	17,0000	1279,0000	0,0000	1304,0000	1,0000	0,0000	13,0000	0,0000	1,0000
9092,6140	0,0000	22,5000	0,0000	22,5000	0,0000	3,0000	3,0000	353,0000	0,0000	359,0000	1,0000	0,0000	1,0000	0,0000	1,0000
9093,7430	0,0000	22,5000	0,0000	22,5000	0,0000	1,0000	5,0000	322,0000	0,0000	328,0000	0,0000	1,0000	3,0000	0,0000	1,0000
9094,9420	0,0000	22,5000	0,0000	22,5000	0,0000	6,0000	6,0000	829,0000	0,0000	841,0000	1,0000	0,0000	6,0000	0,0000	1,0000
9096,1530	0,0000	22,5000	0,0000	22,5000	0,0000	7,0000	7,0000	491,0000	0,0000	505,0000	1,0000	0,0000	3,0000	0,0000	1,0000
9097,3220	0,0000	22,5000	0,0000	22,5000	0,0000	6,0000	5,0000	677,0000	0,0000	688,0000	0,0000	1,0000	4,0000	0,0000	1,0000
9098,4790	0,0000	22,5000	0,0000	22,5000	0,0000	3,0000	6,0000	344,0000	0,0000	353,0000	1,0000	0,0000	3,0000	0,0000	1,0000
9099,5930	0,0000	22,5000	0,0000	22,5000	0,0000	8,0000	10,0000	796,0000	0,0000	814,0000	0,0000	1,0000	6,0000	0,0000	1,0000
9100,7530	0,0000	22,5000	0,0000	22,5000	0,0000	8,0000	6,0000	666,0000	0,0000	680,0000	1,0000	0,0000	5,0000	0,0000	1,0000
9102,0410	0,0000	22,5000	0,0000	22,5000	0,0000	2,0000	9,0000	665,0000	0,0000	676,0000	0,0000	1,0000	8,0000	0,0000	1,0000
9103,1520	0,0000	22,5000	0,0000	22,5000	0,0000	4,0000	6,0000	931,0000	0,0000	941,0000	0,0000	1,0000	3,0000	0,0000	1,0000
9104,3030	0,0000	22,5000	0,0000	22,5000	0,0000	8,0000	16,0000	1252,0000	0,0000	1276,0000	0,0000	1,0000	12,0000	0,0000	1,0000
9106,4740	0,0000	22,5000	0,0000	22,5000	0,0000	8,0000	24,0000	2184,0000	0,0000	2216,0000	0,0000	1,0000	19,0000	0,0000	1,0000
9107,5830	0,0000	22,5000	0,0000	22,5000	0,0000	5,0000	9,0000	719,0000	0,0000	733,0000	1,0000	0,0000	8,0000	0,0000	1,0000
9108,7430	0,0000	22,5000	0,0000	22,5000	0,0000	1,0000	0,0000	10,0000	0,0000	11,0000	1,0000	0,0000	0,0000	0,0000	1,0000
9109,9030	0,0000	22,5000	0,0000	22,5000	0,0000	13,0000	10,0000	1522,0000	0,0000	1545,0000	1,0000	0,0000	8,0000	0,0000	1,0000
9111,0230	0,0000	22,5000	0,0000	22,5000	0,0000	3,0000	3,0000	222,0000	0,0000	228,0000	0,0000	1,0000	2,0000	0,0000	1,0000
9112,1330	0,0000	22,5000	0,0000	22,5000	0,0000	13,0000	17,0000	1317,0000	0,0000	1347,0000	1,0000	0,0000	12,0000	0,0000	1,0000
9113,2860	0,0000	22,5000	0,0000	22,5000	0,0000	5,0000	10,0000	1331,0000	0,0000	1346,0000	1,0000	0,0000	6,0000	0,0000	1,0000
9114,4030	0,0000	22,5000	0,0000	22,5000	0,0000	3,0000	11,0000	543,0000	0,0000	557,0000	1,0000	0,0000	7,0000	0,0000	1,0000
9115,5430	0,0000	22,5000	0,0000	22,5000	0,0000	10,0000	13,0000	1523,0000	0,0000	1546,0000	0,0000	1,0000	7,0000	0,0000	1,0000
9116,7430	0,0000	22,5000	0,0000	22,5000	0,0000	8,0000	14,0000	731,0000	0,0000	753,0000	0,0000	1,0000	11,0000	0,0000	1,0000
9117,9530	0,0000	22,5000	0,0000	22,5000	0,0000	3,0000	7,0000	475,0000	0,0000	485,0000	0,0000	1,0000	4,0000	0,0000	1,0000
9119,1830	0,0000	22,5000	0,0000	22,5000	0,0000	11,0000	18,0000	1136,0000	0,0000	1165,0000	0,0000	1,0000	12,0000	0,0000	1,0000
9120,3520	0,0000	22,5000	0,0000	22,5000	0,0000	5,0000	13,0000	752,0000	0,0000	770,0000	0,0000	1,0000	8,0000	0,0000	1,0000
9121,6750	0,0000	22,5000	0,0000	22,5000	0,0000	3,0000	0,0000	223,0000	0,0000	226,0000	1,0000	0,0000	0,0000	0,0000	1,0000
9122,7920	0,0000	22,5000	0,0000	22,5000	0,0000	3,0000	2,0000	359,0000	0,0000	364,0000	0,0000	1,0000	2,0000	0,0000	1,0000
9123,9530	0,0000	22,5000	0,0000	22,5000	0,0000	1,0000	2,0000	113,0000	0,0000	116,0000	0,0000	1,0000	2,0000	0,0000	1,0000
9125,1120	0,0000	22,5000	0,0000	22,5000	0,0000	2,0000	6,0000	532,0000	0,0000	540,0000	0,0000	1,0000	4,0000	0,0000	1,0000
9126,2230	0,0000	22,5000	0,0000	22,5000	0,0000	1,0000	4,0000	76,0000	0,0000	81,0000	1,0000	0,0000	3,0000	0,0000	1,0000
9127,3420	0,0000	22,5000	0,0000	22,5000	0,0000	4,0000	8,0000	521,0000	0,0000	533,0000	0,0000	1,0000	7,0000	0,0000	1,0000
9128,4890	0,0000	22,5000	0,0000	22,5000	0,0000	5,0000	1,0000	352,0000	0,0000	358,0000	1,0000	0,0000	1,0000	0,0000	1,0000
9129,6030	0,0000	22,5000	0,0000	22,5000	0,0000	6,0000	5,0000	650,0000	0,0000	661,0000	0,0000	1,0000	2,0000	0,0000	1,0000
9130,7430	0,0000	22,5000	0,0000	22,5000	0,0000	1,0000	7,0000	554,0000	0,0000	562,0000	0,0000	1,0000	4,0000	0,0000	1,0000
9131,9430	0,0000	22,5000	0,0000	22,5000	0,0000	4,0000	14,0000	805,0000	0,0000	823,0000	0,0000	1,0000	8,0000	0,0000	1,0000
9133,1630	0,0000	22,5000	0,0000	22,5000	0,0000	6,0000	17,0000	1176,0000	0,0000	1199,0000	1,0000	0,0000	14,0000	0,0000	1,0000
9134,3330	0,0000	22,5000	0,0000	22,5000	0,0000	6,0000	5,0000	366,0000	0,0000	377,0000	0,0000	1,0000	5,0000	0,0000	1,0000
9135,5220	0,0000	22,5000	0,0000	22,5000	0,0000	7,0000	16,0000	1835,0000	0,0000	1858,0000	0,0000	1,0000	11,0000	0,0000	1,0000
9136,6520	0,0000	22,5000	0,0000	22,5000	0,0000	11,0000	4,0000	599,0000	0,0000	614,0000	1,0000	0,0000	2,0000	0,0000	1,0000
9137,7630	0,0000	22,5000	0,0000	22,5000	0,0000	6,0000	18,0000	1209,0000	0,0000	1233,0000	0,0000	1,0000	15,0000	0,0000	1,0000
9138,8850	0,0000	22,5000	0,0000	22,5000	0,0000	0,0000	1,0000	41,0000	0,0000	42,0000	0,0000	1,0000	1,0000	0,0000	1,0000
9140,0030	0,0000	22,5000	0,0000	22,5000	0,0000	8,0000	7,0000	761,0000	0,0000	776,0000	0,0000	1,0000	5,0000	0,0000	1,0000
9141,1530	0,0000	22,5000	0,0000	22,5000	0,0000	4,0000	3,0000	488,0000	0,0000	495,0000	0,0000	1,0000	3,0000	0,0000	1,0000
9142,3630	0,0000	22,5000	0,0000	22,5000	0,0000	2,0000	7,0000	411,0000	0,0000	420,0000	1,0000	0,0000	5,0000	0,0000	1,0000
9143,5420	0,0000	22,5000	0,0000	22,5000	0,0000	5,0000	10,0000	539,0000	0,0000	554,0000	0,0000	1,0000	8,0000	0,0000	1,0000
9144,7220	0,0000	22,5000	0,0000	22,5000	0,0000	4,0000	3,0000	316,0000	0,0000	323,0000	0,0000	1,0000	3,0000	0,0000	1,0000
9145,8520	0,0000	22,5000	0,0000	22,5000	0,0000	1,0000	3,0000	81,0000	0,0000	85,0000	0,0000	1,0000	2,0000	0,0000	1,0000
9146,9630	0,0000	22,5000	0,0000	22,5000	0,0000	1,0000	1,0000	53,0000	0,0000	55,0000	0,0000	1,0000	1,0000	0,0000	1,0000
9148,0920	0,0000	22,5000	0,0000	22,5000	0,0000	4,0000	4,0000	658,0000	0,0000	666,0000	0,0000	1,0000	2,0000	0,0000	1,0000
9149,2140	0,0000	22,5000	0,0000	22,5000	0,0000	1,0000	0,0000	46,0000	0,0000	47,0000	1,0000	0,0000	0,0000	0,0000	1,0000
9150,3430	0,0000	22,5000	0,0000	22,5000	0,0000	1,0000	3,0000	44,0000	0,0000	48,0000	0,0000	1,0000	3,0000	0,0000	1,0000
9151,5220	0,0000	22,5000	0,0000	22,5000	0,0000	5,0000	9,0000	670,0000	0,0000	684,0000	0,0000	1,0000	4,0000	0,0000	1,0000
9152,6330	0,0000	22,5000	0,0000	22,5000	0,0000	8,0000	10,0000	957,0000	0,0000	975,0000	0,0000	1,0000	9,0000	0,0000	1,0000
9154,7820	0,0000	22,5000	0,0000	22,5000	0,0000	21,0000	26,0000	2125,0000	0,0000	2172,0000	1,0000	0,0000	12,0000	0,0000	1,0000
9155,9530	0,0000	22,5000	0,0000	22,5000	0,0000	1,0000	1,0000	43,0000	0,0000	45,0000	1,0000	0,0000	1,0000	0,0000	1,0000
9157,1330	0,0000	22,5000	0,0000	22,5000	0,0000	1,0000	2,0000	86,0000	0,0000	89,0000	0,0000	1,0000	2,0000	0,0000	1,0000
9158,3130	0,0000	22,5000	0,0000	22,5000	0,0000	3,0000	14,0000	933,0000	0,0000	950,0000	0,0000	1,0000	13,0000	0,0000	1,0000
9159,4320	0,0000	22,5000	0,0000	22,5000	0,0000	1,0000	0,0000	46,0000	0,0000	47,0000	1,0000	0,0000	0,0000	0,0000	1,0000
9160,5530	0,0000	22,5000	0,0000	22,5000	0,0000	1,0000	7,0000	565,0000	0,0000	573,0000	0,0000	1,0000	1,0000	0,0000	1,0000
9161,6940	0,0000	22,5000	0,0000	22,5000	0,0000	8,0000	13,0000	803,0000	0,0000	824,0000	0,0000	1,0000	6,0000	0,0000	1,0000
9162,8140	0,0000	22,5000	0,0000	22,5000	0,0000	2,0000	6,0000	598,0000	0,0000	606,0000	0,0000	1,0000	6,0000	0,0000	1,0000
9164,9930	0,0000	22,5000	0,0000	22,5000	0,0000	32,0000	28,0000	3028,0000	0,0000	3088,0000	1,0000	0,0000	17,0000	0,0000	1,0000
9166,1120	0,0000	22,5000	0,0000	22,5000	0,0000	0,0000	1,0000	1,0000	0,0000	2,0000	0,0000	1,0000	1,0000	0,0000	1,0000
9167,2220	0,0000	22,5000	0,0000	22,5000	0,0000	2,0000	6,0000	445,0000	0,0000	453,0000	0,0000	1,0000	3,0000	0,0000	1,0000
9168,3530	0,0000	22,5000	0,0000	22,5000	0,0000	7,0000	8,0000	703,0000	0,0000	718,0000	0,0000	1,0000	5,0000	0,0000	1,0000
9169,5430	0,0000	22,5000	0,0000	22,5000	0,0000	2,0000	9,0000	345,0000	0,0000	356,0000	0,0000	1,0000	8,0000	0,0000	1,0000
9170,7630	0,0000	22,5000	0,0000	22,5000	0,0000	1,0000	1,0000	98,0000	0,0000	100,0000	0,0000	1,0000	1,0000	0,0000	1,0000
9171,9330	0,0000	22,5000	0,0000	22,5000	0,0000	6,0000	7,0000	469,0000	0,0000	482,0000	1,0000	0,0000	3,0000	0,0000	1,0000
9173,0530	0,0000	22,5000	0,0000	22,5000	0,0000	4,0000	5,0000	515,0000	0,0000	524,0000	0,0000	1,0000	5,0000	0,0000	1,0000
9174,1730	0,0000	22,5000	0,0000	22,5000	0,0000	1,0000	1,0000	122,0000	0,0000	124,0000	1,0000	0,0000	0,0000	0,0000	1,0000
9175,3020	0,0000	22,5000	0,0000	22,5000	0,0000	2,0000	2,0000	119,0000	0,0000	123,0000	1,0000	0,0000	1,0000	0,0000	1,0000
9176,4130	0,0000	22,5000	0,0000	22,5000	0,0000	1,0000	5,0000	308,0000	0,0000	314,0000	0,0000	1,0000	4,0000	0,0000	1,0000
9177,5630	0,0000	22,5000	0,0000	22,5000	0,0000	2,0000	9,0000	380,0000	0,0000	391,0000	0,0000	1,0000	7,0000	0,0000	1,0000
9178,7430	0,0000	22,5000	0,0000	22,5000	0,0000	1,0000	2,0000	141,0000	0,0000	144,0000	0,0000	1,0000	2,0000	0,0000	1,0000
9179,9730	0,0000	22,5000	0,0000	22,5000	0,0000	5,0000	6,0000	323,0000	0,0000	334,0000	1,0000	0,0000	4,0000	0,0000	1,0000
9182,1720	0,0000	22,5000	0,0000	22,5000	0,0000	11,0000	36,0000	2033,0000	0,0000	2080,0000	0,0000	1,0000	20,0000	0,0000	1,0000
9184,3330	0,0000	22,5000	0,0000	22,5000	0,0000	17,0000	18,0000	1995,0000	0,0000	2030,0000	1,0000	0,0000	12,0000	0,0000	1,0000
9185,5230	0,0000	22,5000	0,0000	22,5000	0,0000	4,0000	4,0000	612,0000	0,0000	620,0000	0,0000	1,0000	4,0000	0,0000	1,0000
9186,6420	0,0000	22,5000	0,0000	22,5000	0,0000	1,0000	2,0000	130,0000	0,0000	133,0000	1,0000	0,0000	1,0000	0,0000	1,0000
9187,7520	0,0000	22,5000	0,0000	22,5000	0,0000	3,0000	2,0000	183,0000	0,0000	188,0000	1,0000	0,0000	2,0000	0,0000	1,0000
9188,9010	0,0000	22,5000	0,0000	22,5000	0,0000	1,0000	0,0000	125,0000	0,0000	126,0000	1,0000	0,0000	0,0000	0,0000	1,0000
9190,0130	0,0000	22,5000	0,0000	22,5000	0,0000	2,0000	2,0000	327,0000	0,0000	331,0000	1,0000	0,0000	2,0000	0,0000	1,0000
9191,1530	0,0000	22,5000	0,0000	22,5000	0,0000	5,0000	8,0000	810,0000	0,0000	823,0000	0,0000	1,0000	5,0000	0,0000	1,0000
9192,3630	0,0000	22,5000	0,0000	22,5000	0,0000	4,0000	13,0000	576,0000	0,0000	593,0000	0,0000	1,0000	9,0000	0,0000	1,0000
9193,5430	0,0000	22,5000	0,0000	22,5000	0,0000	6,0000	11,0000	765,0000	0,0000	782,0000	0,0000	1,0000	8,0000	0,0000	1,0000
9194,7630	0,0000	22,5000	0,0000	22,5000	0,0000	7,0000	7,0000	768,0000	0,0000	782,0000	1,0000	0,0000	4,0000	0,0000	1,0000
9195,9530	0,0000	22,5000	0,0000	22,5000	0,0000	8,0000	3,0000	239,0000	0,0000	250,0000	1,0000	0,0000	2,0000	0,0000	1,0000
9197,1630	0,0000	22,5000	0,0000	22,5000	0,0000	2,0000	6,0000	563,0000	0,0000	571,0000	0,0000	1,0000	4,0000	0,0000	1,0000
9198,3430	0,0000	22,5000	0,0000	22,5000	0,0000	1,0000	2,0000	90,0000	0,0000	93,0000	0,0000	1,0000	1,0000	0,0000	1,0000
9199,5630	0,0000	22,5000	0,0000	22,5000	0,0000	2,0000	0,0000	107,0000	0,0000	109,0000	1,0000	0,0000	0,0000	0,0000	1,0000
9200,7530	0,0000	22,5000	0,0000	22,5000	0,0000	7,0000	13,0000	749,0000	0,0000	769,0000	0,0000	1,0000	11,0000	0,0000	1,0000
9202,0920	0,0000	22,5000	0,0000	22,5000	0,0000	2,0000	1,0000	109,0000	0,0000	112,0000	1,0000	0,0000	1,0000	0,0000	1,0000
9203,2030	0,0000	22,5000	0,0000	22,5000	0,0000	6,0000	15,0000	1206,0000	0,0000	1227,0000	0,0000	1,0000	11,0000	0,0000	1,0000
9204,3520	0,0000	22,5000	0,0000	22,5000	0,0000	3,0000	3,0000	280,0000	0,0000	286,0000	0,0000	1,0000	3,0000	0,0000	1,0000
9205,5630	0,0000	22,5000	0,0000	22,5000	0,0000	11,0000	15,0000	1174,0000	0,0000	1200,0000	1,0000	0,0000	9,0000	0,0000	1,0000
9206,7630	0,0000	22,5000	0,0000	22,5000	0,0000	5,0000	6,0000	530,0000	0,0000	541,0000	1,0000	0,0000	4,0000	0,0000	1,0000
9207,9520	0,0000	22,5000	0,0000	22,5000	0,0000	7,0000	14,0000	872,0000	0,0000	893,0000	0,0000	1,0000	8,0000	0,0000	1,0000
9209,1420	0,0000	22,5000	0,0000	22,5000	0,0000	4,0000	7,0000	513,0000	0,0000	524,0000	0,0000	1,0000	3,0000	0,0000	1,0000
9210,3630	0,0000	22,5000	0,0000	22,5000	0,0000	1,0000	0,0000	30,0000	0,0000	31,0000	1,0000	0,0000	0,0000	0,0000	1,0000
9211,5520	0,0000	22,5000	0,0000	22,5000	0,0000	8,0000	14,0000	1066,0000	0,0000	1088,0000	0,0000	1,0000	8,0000	0,0000	1,0000
9212,7530	0,0000	22,5000	0,0000	22,5000	0,0000	11,0000	3,0000	589,0000	0,0000	603,0000	1,0000	0,0000	1,0000	0,0000	1,0000
9213,9630	0,0000	22,5000	0,0000	22,5000	0,0000	1,0000	0,0000	79,0000	0,0000	80,0000	1,0000	0,0000	0,0000	0,0000	1,0000
9215,1530	0,0000	22,5000	0,0000	22,5000	0,0000	5,0000	4,0000	420,0000	0,0000	429,0000	1,0000	0,0000	3,0000	0,0000	1,0000
9216,3430	0,0000	22,5000	0,0000	22,5000	0,0000	3,0000	4,0000	216,0000	0,0000	223,0000	0,0000	1,0000	3,0000	0,0000	1,0000
9217,4530	0,0000	22,5000	0,0000	22,5000	0,0000	0,0000	2,0000	177,0000	0,0000	179,0000	0,0000	1,0000	2,0000	0,0000	1,0000
9218,5730	0,0000	22,5000	0,0000	22,5000	0,0000	6,0000	7,0000	565,0000	0,0000	578,0000	0,0000	1,0000	4,0000	0,0000	1,0000
9219,7130	0,0000	22,5000	0,0000	22,5000	0,0000	3,0000	5,0000	333,0000	0,0000	341,0000	0,0000	1,0000	4,0000	0,0000	1,0000
9220,8220	0,0000	22,5000	0,0000	22,5000	0,0000	0,0000	1,0000	15,0000	0,0000	16,0000	0,0000	1,0000	1,0000	0,0000	1,0000
9221,9730	0,0000	22,5000	0,0000	22,5000	0,0000	0,0000	1,0000	21,0000	0,0000	22,0000	0,0000	1,0000	1,0000	0,0000	1,0000
9223,1430	0,0000	22,5000	0,0000	22,5000	0,0000	6,0000	13,0000	805,0000	0,0000	824,0000	0,0000	1,0000	8,0000	0,0000	1,0000
9224,3530	0,0000	22,5000	0,0000	22,5000	0,0000	7,0000	9,0000	1032,0000	0,0000	1048,0000	0,0000	1,0000	7,0000	0,0000	1,0000
9225,6030	0,0000	22,5000	0,0000	22,5000	0,0000	0,0000	6,0000	357,0000	0,0000	363,0000	0,0000	1,0000	5,0000	0,0000	1,0000
9226,7630	0,0000	22,5000	0,0000	22,5000	0,0000	4,0000	5,0000	957,0000	0,0000	966,0000	1,0000	0,0000	5,0000	0,0000	1,0000
9227,9830	0,0000	22,5000	0,0000	22,5000	0,0000	1,0000	2,0000	122,0000	0,0000	125,0000	0,0000	1,0000	2,0000	0,0000	1,0000
9229,1630	0,0000	22,5000	0,0000	22,5000	0,0000	0,0000	3,0000	200,0000	0,0000	203,0000	0,0000	1,0000	2,0000	0,0000	1,0000
9230,3520	0,0000	22,5000	0,0000	22,5000	0,0000	0,0000	3,0000	232,0000	0,0000	235,0000	0,0000	1,0000	2,0000	0,0000	1,0000
9231,5830	0,0000	22,5000	0,0000	22,5000	0,0000	8,0000	18,0000	1379,0000	0,0000	1405,0000	0,0000	1,0000	15,0000	0,0000	1,0000
9232,7630	0,0000	22,5000	0,0000	22,5000	0,0000	7,0000	1,0000	831,0000	0,0000	839,0000	1,0000	0,0000	0,0000	0,0000	1,0000
9233,9530	0,0000	22,5000	0,0000	22,5000	0,0000	4,0000	7,0000	1140,0000	0,0000	1151,0000	0,0000	1,0000	7,0000	0,0000	1,0000
9235,1420	0,0000	22,5000	0,0000	22,5000	0,0000	12,0000	18,0000	1867,0000	0,0000	1897,0000	1,0000	0,0000	10,0000	0,0000	1,0000
9236,3620	0,0000	22,5000	0,0000	22,5000	0,0000	1,0000	1,0000	40,0000	0,0000	42,0000	1,0000	0,0000	1,0000	0,0000	1,0000
9237,5430	0,0000	22,5000	0,0000	22,5000	0,0000	5,0000	8,0000	729,0000	0,0000	742,0000	0,0000	1,0000	7,0000	0,0000	1,0000
9238,7320	0,0000	22,5000	0,0000	22,5000	0,0000	0,0000	3,0000	80,0000	0,0000	83,0000	0,0000	1,0000	2,0000	0,0000	1,0000
9239,9430	0,0000	22,5000	0,0000	22,5000	0,0000	3,0000	5,0000	243,0000	0,0000	251,0000	0,0000	1,0000	4,0000	0,0000	1,0000
9241,1630	0,0000	22,5000	0,0000	22,5000	0,0000	1,0000	0,0000	38,0000	0,0000	39,0000	1,0000	0,0000	0,0000	0,0000	1,0000
9242,3730	0,0000	22,5000	0,0000	22,5000	0,0000	1,0000	2,0000	144,0000	0,0000	147,0000	0,0000	1,0000	1,0000	0,0000	1,0000
9243,5820	0,0000	22,5000	0,0000	22,5000	0,0000	1,0000	1,0000	1,0000	0,0000	3,0000	0,0000	1,0000	1,0000	0,0000	1,0000
9244,7630	0,0000	22,5000	0,0000	22,5000	0,0000	1,0000	0,0000	4,0000	0,0000	5,0000	1,0000	0,0000	0,0000	0,0000	1,0000
9246,9920	0,0000	22,5000	0,0000	22,5000	0,0000	26,0000	31,0000	3389,0000	0,0000	3446,0000	1,0000	0,0000	25,0000	0,0000	1,0000
9248,1240	0,0000	22,5000	0,0000	22,5000	0,0000	1,0000	2,0000	66,0000	0,0000	69,0000	0,0000	1,0000	2,0000	0,0000	1,0000
9249,3130	0,0000	22,5000	0,0000	22,5000	0,0000	2,0000	6,0000	732,0000	0,0000	740,0000	0,0000	1,0000	5,0000	0,0000	1,0000
9250,4520	0,0000	22,5000	0,0000	22,5000	0,0000	6,0000	15,0000	1060,0000	0,0000	1081,0000	1,0000	0,0000	11,0000	0,0000	1,0000
9251,5930	0,0000	22,5000	0,0000	22,5000	0,0000	3,0000	7,0000	518,0000	0,0000	528,0000	1,0000	0,0000	3,0000	0,0000	1,0000
9252,7730	0,0000	22,5000	0,0000	22,5000	0,0000	0,0000	4,0000	568,0000	0,0000	572,0000	0,0000	1,0000	3,0000	0,0000	1,0000
9253,9930	0,0000	22,5000	0,0000	22,5000	0,0000	1,0000	6,0000	558,0000	0,0000	565,0000	0,0000	1,0000	2,0000	0,0000	1,0000
9255,1820	0,0000	22,5000	0,0000	22,5000	0,0000	6,0000	27,0000	1389,0000	0,0000	1422,0000	0,0000	1,0000	18,0000	0,0000	1,0000
9256,3730	0,0000	22,5000	0,0000	22,5000	0,0000	3,0000	13,0000	919,0000	0,0000	935,0000	0,0000	1,0000	10,0000	0,0000	1,0000
9257,5730	0,0000	22,5000	0,0000	22,5000	0,0000	2,0000	0,0000	130,0000	0,0000	132,0000	1,0000	0,0000	0,0000	0,0000	1,0000
9258,7730	0,0000	22,5000	0,0000	22,5000	0,0000	4,0000	7,0000	568,0000	0,0000	579,0000	0,0000	1,0000	6,0000	0,0000	1,0000
9259,9730	0,0000	22,5000	0,0000	22,5000	0,0000	0,0000	1,0000	31,0000	0,0000	32,0000	0,0000	1,0000	1,0000	0,0000	1,0000
9261,1630	0,0000	22,5000	0,0000	22,5000	0,0000	7,0000	17,0000	1056,0000	0,0000	1080,0000	0,0000	1,0000	12,0000	0,0000	1,0000
9262,3630	0,0000	22,5000	0,0000	22,5000	0,0000	2,0000	1,0000	80,0000	0,0000	83,0000	1,0000	0,0000	0,0000	0,0000	1,0000
9263,5830	0,0000	22,5000	0,0000	22,5000	0,0000	1,0000	2,0000	175,0000	0,0000	178,0000	0,0000	1,0000	2,0000	0,0000	1,0000
9264,7930	0,0000	22,5000	0,0000	22,5000	0,0000	5,0000	13,0000	744,0000	0,0000	762,0000	0,0000	1,0000	9,0000	0,0000	1,0000
9265,9730	0,0000	22,5000	0,0000	22,5000	0,0000	8,0000	7,0000	854,0000	0,0000	869,0000	1,0000	0,0000	5,0000	0,0000	1,0000
9267,1830	0,0000	22,5000	0,0000	22,5000	0,0000	2,0000	8,0000	460,0000	0,0000	470,0000	1,0000	0,0000	4,0000	0,0000	1,0000
9268,3830	0,0000	22,5000	0,0000	22,5000	0,0000	3,0000	3,0000	556,0000	0,0000	562,0000	1,0000	0,0000	3,0000	0,0000	1,0000
9269,5630	0,0000	22,5000	0,0000	22,5000	0,0000	0,0000	2,0000	32,0000	0,0000	34,0000	0,0000	1,0000	1,0000	0,0000	1,0000
9270,7620	0,0000	22,5000	0,0000	22,5000	0,0000	3,0000	3,0000	235,0000	0,0000	241,0000	0,0000	1,0000	2,0000	0,0000	1,0000
9271,9730	0,0000	22,5000	0,0000	22,5000	0,0000	2,0000	2,0000	129,0000	0,0000	133,0000	0,0000	1,0000	1,0000	0,0000	1,0000
9273,1720	0,0000	22,5000	0,0000	22,5000	0,0000	2,0000	19,0000	1349,0000	0,0000	1370,0000	0,0000	1,0000	14,0000	0,0000	1,0000
9275,4030	0,0000	22,5000	0,0000	22,5000	0,0000	19,0000	37,0000	2907,0000	0,0000	2963,0000	0,0000	1,0000	21,0000	0,0000	1,0000
9276,5220	0,0000	22,5000	0,0000	22,5000	0,0000	1,0000	3,0000	181,0000	0,0000	185,0000	0,0000	1,0000	3,0000	0,0000	1,0000
9277,6440	0,0000	22,5000	0,0000	22,5000	0,0000	8,0000	21,0000	1787,0000	0,0000	1816,0000	0,0000	1,0000	16,0000	0,0000	1,0000
9278,7930	0,0000	22,5000	0,0000	22,5000	0,0000	4,0000	5,0000	361,0000	0,0000	370,0000	1,0000	0,0000	4,0000	0,0000	1,0000
9279,9730	0,0000	22,5000	0,0000	22,5000	0,0000	4,0000	9,0000	960,0000	0,0000	973,0000	0,0000	1,0000	8,0000	0,0000	1,0000
9281,1630	0,0000	22,5000	0,0000	22,5000	0,0000	0,0000	1,0000	81,0000	0,0000	82,0000	0,0000	1,0000	1,0000	0,0000	1,0000
9282,3730	0,0000	22,5000	0,0000	22,5000	0,0000	0,0000	1,0000	104,0000	0,0000	105,0000	0,0000	1,0000	1,0000	0,0000	1,0000
9284,5820	0,0000	22,5000	0,0000	22,5000	0,0000	17,0000	7,0000	1674,0000	0,0000	1698,0000	0,0000	1,0000	3,0000	0,0000	1,0000
9285,7230	0,0000	22,5000	0,0000	22,5000	0,0000	0,0000	5,0000	81,0000	0,0000	86,0000	0,0000	1,0000	3,0000	0,0000	1,0000
9286,9000	0,0000	22,5000	0,0000	22,5000	0,0000	1,0000	5,0000	233,0000	0,0000	239,0000	1,0000	0,0000	4,0000	0,0000	1,0000
9288,0130	0,0000	22,5000	0,0000	22,5000	0,0000	5,0000	4,0000	644,0000	0,0000	653,0000	1,0000	0,0000	1,0000	0,0000	1,0000
9289,1630	0,0000	22,5000	0,0000	22,5000	0,0000	11,0000	18,0000	1742,0000	0,0000	1771,0000	1,0000	0,0000	13,0000	0,0000	1,0000
9290,3630	0,0000	22,5000	0,0000	22,5000	0,0000	0,0000	1,0000	13,0000	0,0000	14,0000	0,0000	1,0000	1,0000	0,0000	1,0000
9291,5820	0,0000	22,5000	0,0000	22,5000	0,0000	6,0000	9,0000	634,0000	0,0000	649,0000	1,0000	0,0000	2,0000	0,0000	1,0000
9292,7830	0,0000	22,5000	0,0000	22,5000	0,0000	3,0000	4,0000	241,0000	0,0000	248,0000	1,0000	0,0000	3,0000	0,0000	1,0000
9293,9630	0,0000	22,5000	0,0000	22,5000	0,0000	0,0000	2,0000	128,0000	0,0000	130,0000	0,0000	1,0000	2,0000	0,0000	1,0000
9295,1630	0,0000	22,5000	0,0000	22,5000	0,0000	1,0000	1,0000	51,0000	0,0000	53,0000	1,0000	0,0000	1,0000	0,0000	1,0000
9296,3620	0,0000	22,5000	0,0000	22,5000	0,0000	4,0000	5,0000	555,0000	0,0000	564,0000	1,0000	0,0000	4,0000	0,0000	1,0000
9297,5830	0,0000	22,5000	0,0000	22,5000	0,0000	3,0000	10,0000	701,0000	0,0000	714,0000	1,0000	0,0000	7,0000	0,0000	1,0000
9299,7930	0,0000	22,5000	0,0000	22,5000	0,0000	19,0000	30,0000	2561,0000	0,0000	2610,0000	0,0000	1,0000	19,0000	0,0000	1,0000
9300,9270	0,0000	22,5000	0,0000	22,5000	0,0000	8,0000	28,0000	1742,0000	0,0000	1778,0000	0,0000	1,0000	16,0000	0,0000	1,0000
9302,1220	0,0000	22,5000	0,0000	22,5000	0,0000	1,0000	8,0000	505,0000	0,0000	514,0000	0,0000	1,0000	8,0000	0,0000	1,0000
9303,2520	0,0000	22,5000	0,0000	22,5000	0,0000	1,0000	7,0000	380,0000	0,0000	388,0000	0,0000	1,0000	4,0000	0,0000	1,0000
9304,3930	0,0000	22,5000	0,0000	22,5000	0,0000	0,0000	4,0000	119,0000	0,0000	123,0000	0,0000	1,0000	2,0000	0,0000	1,0000
9305,5930	0,0000	22,5000	0,0000	22,5000	0,0000	3,0000	16,0000	1408,0000	0,0000	1427,0000	1,0000	0,0000	10,0000	0,0000	1,0000
9306,8030	0,0000	22,5000	0,0000	22,5000	0,0000	3,0000	7,0000	624,0000	0,0000	634,0000	0,0000	1,0000	5,0000	0,0000	1,0000
9307,9930	0,0000	22,5000	0,0000	22,5000	0,0000	4,0000	3,0000	319,0000	0,0000	326,0000	1,0000	0,0000	3,0000	0,0000	1,0000
9309,1730	0,0000	22,5000	0,0000	22,5000	0,0000	7,0000	13,0000	1103,0000	0,0000	1123,0000	1,0000	0,0000	9,0000	0,0000	1,0000
