Time	HWP_P	HWP_a1	QWP_a1	HWP_a2	QWP_a2	Single Count 1	Single Count 2	Single Count 3	Single Count 4	Sum	Coincidence Count 1	Coincidence Count 2	Coincidence Count 3	Coincidence Count 4	Coincidence Sum
6597,6230	0,0000	22,5000	0,0000	22,5000	0,0000	0,0000	1,0000	25,0000	0,0000	26,0000	0,0000	1,0000	1,0000	0,0000	1,0000
6598,7330	0,0000	22,5000	0,0000	22,5000	0,0000	1,0000	1,0000	10,0000	0,0000	12,0000	1,0000	0,0000	0,0000	0,0000	1,0000
6599,8520	0,0000	22,5000	0,0000	22,5000	0,0000	1,0000	5,0000	48,0000	0,0000	54,0000	0,0000	1,0000	5,0000	0,0000	1,0000
6600,9630	0,0000	22,5000	0,0000	22,5000	0,0000	2,0000	8,0000	104,0000	0,0000	114,0000	1,0000	0,0000	5,0000	0,0000	1,0000
6602,1330	0,0000	22,5000	0,0000	22,5000	0,0000	2,0000	22,0000	270,0000	0,0000	294,0000	0,0000	1,0000	14,0000	0,0000	1,0000
6603,3530	0,0000	22,5000	0,0000	22,5000	0,0000	1,0000	27,0000	173,0000	0,0000	201,0000	0,0000	1,0000	23,0000	0,0000	1,0000
6604,5830	0,0000	22,5000	0,0000	22,5000	0,0000	2,0000	26,0000	249,0000	0,0000	277,0000	0,0000	1,0000	16,0000	0,0000	1,0000
6605,7220	0,0000	22,5000	0,0000	22,5000	0,0000	6,0000	65,0000	616,0000	0,0000	687,0000	0,0000	1,0000	41,0000	0,0000	1,0000
6606,8330	0,0000	22,5000	0,0000	22,5000	0,0000	8,0000	25,0000	233,0000	0,0000	266,0000	0,0000	1,0000	17,0000	0,0000	1,0000
6607,9530	0,0000	22,5000	0,0000	22,5000	0,0000	5,0000	63,0000	519,0000	0,0000	587,0000	0,0000	1,0000	40,0000	0,0000	1,0000
6609,0720	0,0000	22,5000	0,0000	22,5000	0,0000	1,0000	18,0000	119,0000	0,0000	138,0000	0,0000	1,0000	14,0000	0,0000	1,0000
6610,1830	0,0000	22,5000	0,0000	22,5000	0,0000	1,0000	16,0000	155,0000	0,0000	172,0000	0,0000	1,0000	13,0000	0,0000	1,0000
6611,3220	0,0000	22,5000	0,0000	22,5000	0,0000	0,0000	5,0000	35,0000	0,0000	40,0000	0,0000	1,0000	3,0000	0,0000	1,0000
6612,4530	0,0000	22,5000	0,0000	22,5000	0,0000	2,0000	18,0000	153,0000	0,0000	173,0000	0,0000	1,0000	13,0000	0,0000	1,0000
6613,5730	0,0000	22,5000	0,0000	22,5000	0,0000	0,0000	1,0000	4,0000	0,0000	5,0000	0,0000	1,0000	1,0000	0,0000	1,0000
6614,7430	0,0000	22,5000	0,0000	22,5000	0,0000	3,0000	64,0000	436,0000	0,0000	503,0000	0,0000	1,0000	46,0000	0,0000	1,0000
6615,8730	0,0000	22,5000	0,0000	22,5000	0,0000	2,0000	14,0000	151,0000	0,0000	167,0000	0,0000	1,0000	12,0000	0,0000	1,0000
6616,9830	0,0000	22,5000	0,0000	22,5000	0,0000	1,0000	11,0000	131,0000	0,0000	143,0000	1,0000	0,0000	3,0000	0,0000	1,0000
6618,1220	0,0000	22,5000	0,0000	22,5000	0,0000	0,0000	4,0000	15,0000	0,0000	19,0000	0,0000	1,0000	4,0000	0,0000	1,0000
6619,2430	0,0000	22,5000	0,0000	22,5000	0,0000	0,0000	7,0000	46,0000	0,0000	53,0000	0,0000	1,0000	5,0000	0,0000	1,0000
6620,3630	0,0000	22,5000	0,0000	22,5000	0,0000	0,0000	7,0000	59,0000	0,0000	66,0000	0,0000	1,0000	5,0000	0,0000	1,0000
6621,4830	0,0000	22,5000	0,0000	22,5000	0,0000	0,0000	1,0000	5,0000	0,0000	6,0000	0,0000	1,0000	1,0000	0,0000	1,0000
6622,5930	0,0000	22,5000	0,0000	22,5000	0,0000	0,0000	9,0000	97,0000	0,0000	106,0000	0,0000	1,0000	7,0000	0,0000	1,0000
6623,7230	0,0000	22,5000	0,0000	22,5000	0,0000	5,0000	69,0000	645,0000	0,0000	719,0000	1,0000	0,0000	38,0000	0,0000	1,0000
6624,8430	0,0000	22,5000	0,0000	22,5000	0,0000	0,0000	7,0000	21,0000	0,0000	28,0000	0,0000	1,0000	4,0000	0,0000	1,0000
6625,9630	0,0000	22,5000	0,0000	22,5000	0,0000	0,0000	22,0000	196,0000	0,0000	218,0000	0,0000	1,0000	18,0000	0,0000	1,0000
6627,0820	0,0000	22,5000	0,0000	22,5000	0,0000	3,0000	47,0000	370,0000	0,0000	420,0000	0,0000	1,0000	34,0000	0,0000	1,0000
6628,1930	0,0000	22,5000	0,0000	22,5000	0,0000	4,0000	17,0000	102,0000	0,0000	123,0000	0,0000	1,0000	15,0000	0,0000	1,0000
6629,3330	0,0000	22,5000	0,0000	22,5000	0,0000	0,0000	8,0000	43,0000	0,0000	51,0000	0,0000	1,0000	7,0000	0,0000	1,0000
6630,4530	0,0000	22,5000	0,0000	22,5000	0,0000	3,0000	13,0000	122,0000	0,0000	138,0000	0,0000	1,0000	13,0000	0,0000	1,0000
6631,5730	0,0000	22,5000	0,0000	22,5000	0,0000	1,0000	10,0000	61,0000	0,0000	72,0000	0,0000	1,0000	9,0000	0,0000	1,0000
6632,6930	0,0000	22,5000	0,0000	22,5000	0,0000	0,0000	1,0000	7,0000	0,0000	8,0000	0,0000	1,0000	1,0000	0,0000	1,0000
6633,8030	0,0000	22,5000	0,0000	22,5000	0,0000	0,0000	2,0000	30,0000	0,0000	32,0000	0,0000	1,0000	2,0000	0,0000	1,0000
6634,9330	0,0000	22,5000	0,0000	22,5000	0,0000	2,0000	17,0000	115,0000	0,0000	134,0000	0,0000	1,0000	12,0000	0,0000	1,0000
6636,0530	0,0000	22,5000	0,0000	22,5000	0,0000	1,0000	0,0000	9,0000	0,0000	10,0000	1,0000	0,0000	0,0000	0,0000	1,0000
6637,1720	0,0000	22,5000	0,0000	22,5000	0,0000	0,0000	3,0000	40,0000	0,0000	43,0000	0,0000	1,0000	3,0000	0,0000	1,0000
6638,2920	0,0000	22,5000	0,0000	22,5000	0,0000	1,0000	16,0000	170,0000	0,0000	187,0000	0,0000	1,0000	12,0000	0,0000	1,0000
6639,4030	0,0000	22,5000	0,0000	22,5000	0,0000	1,0000	11,0000	144,0000	0,0000	156,0000	1,0000	0,0000	8,0000	0,0000	1,0000
6640,5330	0,0000	22,5000	0,0000	22,5000	0,0000	1,0000	6,0000	83,0000	0,0000	90,0000	0,0000	1,0000	4,0000	0,0000	1,0000
6641,6530	0,0000	22,5000	0,0000	22,5000	0,0000	3,0000	11,0000	146,0000	0,0000	160,0000	0,0000	1,0000	8,0000	0,0000	1,0000
6642,7720	0,0000	22,5000	0,0000	22,5000	0,0000	1,0000	5,0000	49,0000	0,0000	55,0000	0,0000	1,0000	3,0000	0,0000	1,0000
6643,8920	0,0000	22,5000	0,0000	22,5000	0,0000	1,0000	2,0000	28,0000	0,0000	31,0000	0,0000	1,0000	1,0000	0,0000	1,0000
6645,0030	0,0000	22,5000	0,0000	22,5000	0,0000	5,0000	13,0000	184,0000	0,0000	202,0000	0,0000	1,0000	9,0000	0,0000	1,0000
6646,1230	0,0000	22,5000	0,0000	22,5000	0,0000	1,0000	5,0000	19,0000	0,0000	25,0000	0,0000	1,0000	4,0000	0,0000	1,0000
6647,2530	0,0000	22,5000	0,0000	22,5000	0,0000	1,0000	17,0000	136,0000	0,0000	154,0000	0,0000	1,0000	14,0000	0,0000	1,0000
6648,3730	0,0000	22,5000	0,0000	22,5000	0,0000	0,0000	6,0000	36,0000	0,0000	42,0000	0,0000	1,0000	3,0000	0,0000	1,0000
6649,4920	0,0000	22,5000	0,0000	22,5000	0,0000	1,0000	0,0000	42,0000	0,0000	43,0000	1,0000	0,0000	0,0000	0,0000	1,0000
6650,6030	0,0000	22,5000	0,0000	22,5000	0,0000	1,0000	12,0000	188,0000	0,0000	201,0000	1,0000	0,0000	6,0000	0,0000	1,0000
6651,7230	0,0000	22,5000	0,0000	22,5000	0,0000	4,0000	36,0000	380,0000	0,0000	420,0000	0,0000	1,0000	31,0000	0,0000	1,0000
6652,8540	0,0000	22,5000	0,0000	22,5000	0,0000	0,0000	1,0000	1,0000	0,0000	2,0000	0,0000	1,0000	1,0000	0,0000	1,0000
6653,9720	0,0000	22,5000	0,0000	22,5000	0,0000	0,0000	3,0000	17,0000	0,0000	20,0000	0,0000	1,0000	1,0000	0,0000	1,0000
6655,0830	0,0000	22,5000	0,0000	22,5000	0,0000	1,0000	8,0000	117,0000	0,0000	126,0000	0,0000	1,0000	7,0000	0,0000	1,0000
6656,2030	0,0000	22,5000	0,0000	22,5000	0,0000	1,0000	12,0000	121,0000	0,0000	134,0000	0,0000	1,0000	9,0000	0,0000	1,0000
6657,3330	0,0000	22,5000	0,0000	22,5000	0,0000	0,0000	4,0000	30,0000	0,0000	34,0000	0,0000	1,0000	4,0000	0,0000	1,0000
6658,4530	0,0000	22,5000	0,0000	22,5000	0,0000	0,0000	7,0000	98,0000	0,0000	105,0000	0,0000	1,0000	4,0000	0,0000	1,0000
6659,5830	0,0000	22,5000	0,0000	22,5000	0,0000	3,0000	29,0000	243,0000	0,0000	275,0000	0,0000	1,0000	18,0000	0,0000	1,0000
6660,7020	0,0000	22,5000	0,0000	22,5000	0,0000	1,0000	4,0000	17,0000	0,0000	22,0000	0,0000	1,0000	2,0000	0,0000	1,0000
6661,8140	0,0000	22,5000	0,0000	22,5000	0,0000	0,0000	1,0000	13,0000	0,0000	14,0000	0,0000	1,0000	1,0000	0,0000	1,0000
6662,9430	0,0000	22,5000	0,0000	22,5000	0,0000	2,0000	9,0000	72,0000	0,0000	83,0000	1,0000	0,0000	7,0000	0,0000	1,0000
6664,1430	0,0000	22,5000	0,0000	22,5000	0,0000	2,0000	12,0000	115,0000	0,0000	129,0000	0,0000	1,0000	7,0000	0,0000	1,0000
6665,3330	0,0000	22,5000	0,0000	22,5000	0,0000	3,0000	30,0000	298,0000	0,0000	331,0000	0,0000	1,0000	25,0000	0,0000	1,0000
6666,4520	0,0000	22,5000	0,0000	22,5000	0,0000	0,0000	27,0000	205,0000	0,0000	232,0000	0,0000	1,0000	21,0000	0,0000	1,0000
6667,5630	0,0000	22,5000	0,0000	22,5000	0,0000	2,0000	13,0000	178,0000	0,0000	193,0000	0,0000	1,0000	10,0000	0,0000	1,0000
6668,6720	0,0000	22,5000	0,0000	22,5000	0,0000	1,0000	28,0000	248,0000	0,0000	277,0000	0,0000	1,0000	18,0000	0,0000	1,0000
6669,7830	0,0000	22,5000	0,0000	22,5000	0,0000	1,0000	11,0000	104,0000	0,0000	116,0000	0,0000	1,0000	9,0000	0,0000	1,0000
6670,9330	0,0000	22,5000	0,0000	22,5000	0,0000	0,0000	6,0000	48,0000	0,0000	54,0000	0,0000	1,0000	4,0000	0,0000	1,0000
6672,0630	0,0000	22,5000	0,0000	22,5000	0,0000	1,0000	8,0000	101,0000	0,0000	110,0000	0,0000	1,0000	4,0000	0,0000	1,0000
6673,1830	0,0000	22,5000	0,0000	22,5000	0,0000	3,0000	24,0000	210,0000	0,0000	237,0000	1,0000	0,0000	15,0000	0,0000	1,0000
6674,3020	0,0000	22,5000	0,0000	22,5000	0,0000	1,0000	8,0000	113,0000	0,0000	122,0000	1,0000	0,0000	5,0000	0,0000	1,0000
6675,4220	0,0000	22,5000	0,0000	22,5000	0,0000	4,0000	22,0000	210,0000	0,0000	236,0000	0,0000	1,0000	21,0000	0,0000	1,0000
6676,5330	0,0000	22,5000	0,0000	22,5000	0,0000	0,0000	6,0000	69,0000	0,0000	75,0000	0,0000	1,0000	5,0000	0,0000	1,0000
6677,6530	0,0000	22,5000	0,0000	22,5000	0,0000	2,0000	12,0000	134,0000	0,0000	148,0000	0,0000	1,0000	8,0000	0,0000	1,0000
6678,7730	0,0000	22,5000	0,0000	22,5000	0,0000	0,0000	4,0000	17,0000	0,0000	21,0000	0,0000	1,0000	3,0000	0,0000	1,0000
6679,8920	0,0000	22,5000	0,0000	22,5000	0,0000	2,0000	10,0000	41,0000	0,0000	53,0000	0,0000	1,0000	7,0000	0,0000	1,0000
6681,0030	0,0000	22,5000	0,0000	22,5000	0,0000	0,0000	10,0000	73,0000	0,0000	83,0000	0,0000	1,0000	6,0000	0,0000	1,0000
6682,1220	0,0000	22,5000	0,0000	22,5000	0,0000	1,0000	4,0000	30,0000	0,0000	35,0000	0,0000	1,0000	2,0000	0,0000	1,0000
6683,2530	0,0000	22,5000	0,0000	22,5000	0,0000	7,0000	19,0000	166,0000	0,0000	192,0000	0,0000	1,0000	13,0000	0,0000	1,0000
6684,3730	0,0000	22,5000	0,0000	22,5000	0,0000	1,0000	7,0000	70,0000	0,0000	78,0000	1,0000	0,0000	6,0000	0,0000	1,0000
6685,4920	0,0000	22,5000	0,0000	22,5000	0,0000	0,0000	1,0000	1,0000	0,0000	2,0000	0,0000	1,0000	1,0000	0,0000	1,0000
6686,6130	0,0000	22,5000	0,0000	22,5000	0,0000	0,0000	4,0000	33,0000	0,0000	37,0000	0,0000	1,0000	4,0000	0,0000	1,0000
6687,7330	0,0000	22,5000	0,0000	22,5000	0,0000	0,0000	6,0000	42,0000	0,0000	48,0000	0,0000	1,0000	5,0000	0,0000	1,0000
6688,8430	0,0000	22,5000	0,0000	22,5000	0,0000	2,0000	15,0000	99,0000	0,0000	116,0000	0,0000	1,0000	11,0000	0,0000	1,0000
6689,9620	0,0000	22,5000	0,0000	22,5000	0,0000	0,0000	4,0000	58,0000	0,0000	62,0000	0,0000	1,0000	4,0000	0,0000	1,0000
6691,0830	0,0000	22,5000	0,0000	22,5000	0,0000	1,0000	6,0000	53,0000	0,0000	60,0000	0,0000	1,0000	5,0000	0,0000	1,0000
6692,1930	0,0000	22,5000	0,0000	22,5000	0,0000	0,0000	8,0000	120,0000	0,0000	128,0000	0,0000	1,0000	5,0000	0,0000	1,0000
6693,3230	0,0000	22,5000	0,0000	22,5000	0,0000	0,0000	3,0000	13,0000	0,0000	16,0000	0,0000	1,0000	3,0000	0,0000	1,0000
6694,4430	0,0000	22,5000	0,0000	22,5000	0,0000	0,0000	15,0000	173,0000	0,0000	188,0000	0,0000	1,0000	11,0000	0,0000	1,0000
6695,5630	0,0000	22,5000	0,0000	22,5000	0,0000	0,0000	2,0000	7,0000	0,0000	9,0000	0,0000	1,0000	2,0000	0,0000	1,0000
6696,6820	0,0000	22,5000	0,0000	22,5000	0,0000	0,0000	9,0000	75,0000	0,0000	84,0000	0,0000	1,0000	6,0000	0,0000	1,0000
6697,8030	0,0000	22,5000	0,0000	22,5000	0,0000	3,0000	7,0000	135,0000	0,0000	145,0000	0,0000	1,0000	5,0000	0,0000	1,0000
6698,9320	0,0000	22,5000	0,0000	22,5000	0,0000	3,0000	30,0000	193,0000	0,0000	226,0000	0,0000	1,0000	21,0000	0,0000	1,0000
6700,0520	0,0000	22,5000	0,0000	22,5000	0,0000	5,0000	22,0000	297,0000	0,0000	324,0000	0,0000	1,0000	15,0000	0,0000	1,0000
6701,1720	0,0000	22,5000	0,0000	22,5000	0,0000	0,0000	1,0000	3,0000	0,0000	4,0000	0,0000	1,0000	1,0000	0,0000	1,0000
6702,2920	0,0000	22,5000	0,0000	22,5000	0,0000	0,0000	13,0000	124,0000	0,0000	137,0000	0,0000	1,0000	9,0000	0,0000	1,0000
6703,4030	0,0000	22,5000	0,0000	22,5000	0,0000	1,0000	20,0000	96,0000	0,0000	117,0000	0,0000	1,0000	12,0000	0,0000	1,0000
6704,5330	0,0000	22,5000	0,0000	22,5000	0,0000	0,0000	4,0000	30,0000	0,0000	34,0000	0,0000	1,0000	4,0000	0,0000	1,0000
6705,7330	0,0000	22,5000	0,0000	22,5000	0,0000	0,0000	2,0000	33,0000	0,0000	35,0000	0,0000	1,0000	1,0000	0,0000	1,0000
6706,9420	0,0000	22,5000	0,0000	22,5000	0,0000	0,0000	4,0000	44,0000	0,0000	48,0000	0,0000	1,0000	1,0000	0,0000	1,0000
6708,1320	0,0000	22,5000	0,0000	22,5000	0,0000	3,0000	21,0000	212,0000	0,0000	236,0000	0,0000	1,0000	15,0000	0,0000	1,0000
6709,2530	0,0000	22,5000	0,0000	22,5000	0,0000	0,0000	2,0000	11,0000	0,0000	13,0000	0,0000	1,0000	2,0000	0,0000	1,0000
6710,3730	0,0000	22,5000	0,0000	22,5000	0,0000	0,0000	2,0000	17,0000	0,0000	19,0000	0,0000	1,0000	2,0000	0,0000	1,0000
6711,4820	0,0000	22,5000	0,0000	22,5000	0,0000	1,0000	8,0000	91,0000	0,0000	100,0000	0,0000	1,0000	4,0000	0,0000	1,0000
6712,5930	0,0000	22,5000	0,0000	22,5000	0,0000	0,0000	19,0000	98,0000	0,0000	117,0000	0,0000	1,0000	17,0000	0,0000	1,0000
6713,7330	0,0000	22,5000	0,0000	22,5000	0,0000	0,0000	40,0000	347,0000	0,0000	387,0000	0,0000	1,0000	30,0000	0,0000	1,0000
6714,8530	0,0000	22,5000	0,0000	22,5000	0,0000	0,0000	6,0000	41,0000	0,0000	47,0000	0,0000	1,0000	6,0000	0,0000	1,0000
6715,9730	0,0000	22,5000	0,0000	22,5000	0,0000	0,0000	11,0000	96,0000	0,0000	107,0000	0,0000	1,0000	8,0000	0,0000	1,0000
6717,1430	0,0000	22,5000	0,0000	22,5000	0,0000	0,0000	19,0000	186,0000	0,0000	205,0000	0,0000	1,0000	14,0000	0,0000	1,0000
6718,3530	0,0000	22,5000	0,0000	22,5000	0,0000	0,0000	11,0000	153,0000	0,0000	164,0000	0,0000	1,0000	9,0000	0,0000	1,0000
6719,5830	0,0000	22,5000	0,0000	22,5000	0,0000	3,0000	11,0000	134,0000	0,0000	148,0000	0,0000	1,0000	8,0000	0,0000	1,0000
6720,7430	0,0000	22,5000	0,0000	22,5000	0,0000	0,0000	2,0000	21,0000	0,0000	23,0000	0,0000	1,0000	2,0000	0,0000	1,0000
6722,0130	0,0000	22,5000	0,0000	22,5000	0,0000	2,0000	21,0000	197,0000	0,0000	220,0000	0,0000	1,0000	14,0000	0,0000	1,0000
6723,1420	0,0000	22,5000	0,0000	22,5000	0,0000	1,0000	31,0000	231,0000	0,0000	263,0000	0,0000	1,0000	16,0000	0,0000	1,0000
6724,3530	0,0000	22,5000	0,0000	22,5000	0,0000	3,0000	14,0000	219,0000	0,0000	236,0000	1,0000	0,0000	10,0000	0,0000	1,0000
6725,5420	0,0000	22,5000	0,0000	22,5000	0,0000	0,0000	5,0000	58,0000	0,0000	63,0000	0,0000	1,0000	3,0000	0,0000	1,0000
6726,7330	0,0000	22,5000	0,0000	22,5000	0,0000	0,0000	12,0000	90,0000	0,0000	102,0000	0,0000	1,0000	7,0000	0,0000	1,0000
6727,9420	0,0000	22,5000	0,0000	22,5000	0,0000	1,0000	8,0000	47,0000	0,0000	56,0000	0,0000	1,0000	6,0000	0,0000	1,0000
6729,1430	0,0000	22,5000	0,0000	22,5000	0,0000	0,0000	3,0000	36,0000	0,0000	39,0000	0,0000	1,0000	3,0000	0,0000	1,0000
6730,3320	0,0000	22,5000	0,0000	22,5000	0,0000	0,0000	12,0000	84,0000	0,0000	96,0000	0,0000	1,0000	9,0000	0,0000	1,0000
6731,5740	0,0000	22,5000	0,0000	22,5000	0,0000	1,0000	20,0000	148,0000	0,0000	169,0000	1,0000	0,0000	10,0000	0,0000	1,0000
6732,7420	0,0000	22,5000	0,0000	22,5000	0,0000	3,0000	8,0000	74,0000	0,0000	85,0000	0,0000	1,0000	7,0000	0,0000	1,0000
6733,9330	0,0000	22,5000	0,0000	22,5000	0,0000	0,0000	5,0000	14,0000	0,0000	19,0000	0,0000	1,0000	4,0000	0,0000	1,0000
6735,1030	0,0000	22,5000	0,0000	22,5000	0,0000	0,0000	5,0000	51,0000	0,0000	56,0000	0,0000	1,0000	2,0000	0,0000	1,0000
6736,2130	0,0000	22,5000	0,0000	22,5000	0,0000	0,0000	2,0000	24,0000	0,0000	26,0000	0,0000	1,0000	1,0000	0,0000	1,0000
6737,3320	0,0000	22,5000	0,0000	22,5000	0,0000	8,0000	26,0000	301,0000	0,0000	335,0000	1,0000	0,0000	18,0000	0,0000	1,0000
6738,4760	0,0000	22,5000	0,0000	22,5000	0,0000	1,0000	1,0000	27,0000	0,0000	29,0000	0,0000	1,0000	1,0000	0,0000	1,0000
6739,5930	0,0000	22,5000	0,0000	22,5000	0,0000	1,0000	17,0000	123,0000	0,0000	141,0000	0,0000	1,0000	13,0000	0,0000	1,0000
6740,7330	0,0000	22,5000	0,0000	22,5000	0,0000	0,0000	1,0000	12,0000	0,0000	13,0000	0,0000	1,0000	1,0000	0,0000	1,0000
6742,0140	0,0000	22,5000	0,0000	22,5000	0,0000	1,0000	12,0000	134,0000	0,0000	147,0000	0,0000	1,0000	4,0000	0,0000	1,0000
6743,1530	0,0000	22,5000	0,0000	22,5000	0,0000	2,0000	16,0000	123,0000	0,0000	141,0000	0,0000	1,0000	7,0000	0,0000	1,0000
6744,3430	0,0000	22,5000	0,0000	22,5000	0,0000	1,0000	2,0000	4,0000	0,0000	7,0000	0,0000	1,0000	1,0000	0,0000	1,0000
6745,5430	0,0000	22,5000	0,0000	22,5000	0,0000	3,0000	15,0000	146,0000	0,0000	164,0000	0,0000	1,0000	10,0000	0,0000	1,0000
6746,6790	0,0000	22,5000	0,0000	22,5000	0,0000	4,0000	23,0000	139,0000	0,0000	166,0000	1,0000	0,0000	14,0000	0,0000	1,0000
6747,7960	0,0000	22,5000	0,0000	22,5000	0,0000	0,0000	3,0000	42,0000	0,0000	45,0000	0,0000	1,0000	2,0000	0,0000	1,0000
6748,9430	0,0000	22,5000	0,0000	22,5000	0,0000	2,0000	30,0000	268,0000	0,0000	300,0000	0,0000	1,0000	17,0000	0,0000	1,0000
6750,1630	0,0000	22,5000	0,0000	22,5000	0,0000	5,0000	45,0000	391,0000	0,0000	441,0000	0,0000	1,0000	30,0000	0,0000	1,0000
6751,3320	0,0000	22,5000	0,0000	22,5000	0,0000	4,0000	7,0000	90,0000	0,0000	101,0000	0,0000	1,0000	5,0000	0,0000	1,0000
6752,4530	0,0000	22,5000	0,0000	22,5000	0,0000	0,0000	6,0000	44,0000	0,0000	50,0000	0,0000	1,0000	4,0000	0,0000	1,0000
6753,5720	0,0000	22,5000	0,0000	22,5000	0,0000	0,0000	5,0000	29,0000	0,0000	34,0000	0,0000	1,0000	4,0000	0,0000	1,0000
6754,6920	0,0000	22,5000	0,0000	22,5000	0,0000	0,0000	4,0000	55,0000	0,0000	59,0000	0,0000	1,0000	4,0000	0,0000	1,0000
6755,8030	0,0000	22,5000	0,0000	22,5000	0,0000	0,0000	5,0000	81,0000	0,0000	86,0000	0,0000	1,0000	3,0000	0,0000	1,0000
6756,9430	0,0000	22,5000	0,0000	22,5000	0,0000	2,0000	16,0000	126,0000	0,0000	144,0000	1,0000	0,0000	11,0000	0,0000	1,0000
6758,1630	0,0000	22,5000	0,0000	22,5000	0,0000	0,0000	8,0000	70,0000	0,0000	78,0000	0,0000	1,0000	4,0000	0,0000	1,0000
6759,3430	0,0000	22,5000	0,0000	22,5000	0,0000	0,0000	26,0000	214,0000	0,0000	240,0000	0,0000	1,0000	23,0000	0,0000	1,0000
6760,5520	0,0000	22,5000	0,0000	22,5000	0,0000	1,0000	10,0000	124,0000	0,0000	135,0000	0,0000	1,0000	6,0000	0,0000	1,0000
6761,8430	0,0000	22,5000	0,0000	22,5000	0,0000	0,0000	10,0000	42,0000	0,0000	52,0000	0,0000	1,0000	9,0000	0,0000	1,0000
6762,9530	0,0000	22,5000	0,0000	22,5000	0,0000	2,0000	19,0000	214,0000	0,0000	235,0000	0,0000	1,0000	13,0000	0,0000	1,0000
6764,1920	0,0000	22,5000	0,0000	22,5000	0,0000	1,0000	6,0000	69,0000	0,0000	76,0000	0,0000	1,0000	4,0000	0,0000	1,0000
6765,3430	0,0000	22,5000	0,0000	22,5000	0,0000	0,0000	4,0000	40,0000	0,0000	44,0000	0,0000	1,0000	2,0000	0,0000	1,0000
6766,5130	0,0000	22,5000	0,0000	22,5000	0,0000	0,0000	1,0000	6,0000	0,0000	7,0000	0,0000	1,0000	1,0000	0,0000	1,0000
6767,6320	0,0000	22,5000	0,0000	22,5000	0,0000	0,0000	8,0000	62,0000	0,0000	70,0000	0,0000	1,0000	7,0000	0,0000	1,0000
6768,7420	0,0000	22,5000	0,0000	22,5000	0,0000	1,0000	13,0000	133,0000	0,0000	147,0000	0,0000	1,0000	11,0000	0,0000	1,0000
6769,8890	0,0000	22,5000	0,0000	22,5000	0,0000	3,0000	22,0000	261,0000	0,0000	286,0000	0,0000	1,0000	18,0000	0,0000	1,0000
6771,0030	0,0000	22,5000	0,0000	22,5000	0,0000	0,0000	3,0000	14,0000	0,0000	17,0000	0,0000	1,0000	3,0000	0,0000	1,0000
6772,1430	0,0000	22,5000	0,0000	22,5000	0,0000	1,0000	17,0000	87,0000	0,0000	105,0000	0,0000	1,0000	14,0000	0,0000	1,0000
6773,3330	0,0000	22,5000	0,0000	22,5000	0,0000	0,0000	1,0000	26,0000	0,0000	27,0000	0,0000	1,0000	1,0000	0,0000	1,0000
6774,4520	0,0000	22,5000	0,0000	22,5000	0,0000	1,0000	5,0000	99,0000	0,0000	105,0000	0,0000	1,0000	5,0000	0,0000	1,0000
6775,5630	0,0000	22,5000	0,0000	22,5000	0,0000	2,0000	8,0000	57,0000	0,0000	67,0000	0,0000	1,0000	7,0000	0,0000	1,0000
6776,6840	0,0000	22,5000	0,0000	22,5000	0,0000	1,0000	5,0000	38,0000	0,0000	44,0000	0,0000	1,0000	3,0000	0,0000	1,0000
6777,7930	0,0000	22,5000	0,0000	22,5000	0,0000	1,0000	10,0000	112,0000	0,0000	123,0000	0,0000	1,0000	8,0000	0,0000	1,0000
6778,9430	0,0000	22,5000	0,0000	22,5000	0,0000	0,0000	1,0000	3,0000	0,0000	4,0000	0,0000	1,0000	1,0000	0,0000	1,0000
6780,1420	0,0000	22,5000	0,0000	22,5000	0,0000	2,0000	14,0000	149,0000	0,0000	165,0000	0,0000	1,0000	10,0000	0,0000	1,0000
6781,3830	0,0000	22,5000	0,0000	22,5000	0,0000	0,0000	2,0000	9,0000	0,0000	11,0000	0,0000	1,0000	2,0000	0,0000	1,0000
6782,5430	0,0000	22,5000	0,0000	22,5000	0,0000	0,0000	15,0000	148,0000	0,0000	163,0000	0,0000	1,0000	14,0000	0,0000	1,0000
6783,7240	0,0000	22,5000	0,0000	22,5000	0,0000	1,0000	21,0000	145,0000	0,0000	167,0000	0,0000	1,0000	12,0000	0,0000	1,0000
6784,8420	0,0000	22,5000	0,0000	22,5000	0,0000	0,0000	1,0000	5,0000	0,0000	6,0000	0,0000	1,0000	1,0000	0,0000	1,0000
6785,9520	0,0000	22,5000	0,0000	22,5000	0,0000	0,0000	1,0000	30,0000	0,0000	31,0000	0,0000	1,0000	1,0000	0,0000	1,0000
6787,0720	0,0000	22,5000	0,0000	22,5000	0,0000	2,0000	8,0000	100,0000	0,0000	110,0000	0,0000	1,0000	5,0000	0,0000	1,0000
6788,1830	0,0000	22,5000	0,0000	22,5000	0,0000	0,0000	3,0000	45,0000	0,0000	48,0000	0,0000	1,0000	2,0000	0,0000	1,0000
6789,3420	0,0000	22,5000	0,0000	22,5000	0,0000	0,0000	13,0000	108,0000	0,0000	121,0000	0,0000	1,0000	7,0000	0,0000	1,0000
6790,5520	0,0000	22,5000	0,0000	22,5000	0,0000	1,0000	10,0000	88,0000	0,0000	99,0000	0,0000	1,0000	5,0000	0,0000	1,0000
6791,7230	0,0000	22,5000	0,0000	22,5000	0,0000	3,0000	45,0000	368,0000	0,0000	416,0000	0,0000	1,0000	28,0000	0,0000	1,0000
6792,8430	0,0000	22,5000	0,0000	22,5000	0,0000	1,0000	17,0000	120,0000	0,0000	138,0000	0,0000	1,0000	13,0000	0,0000	1,0000
6793,9630	0,0000	22,5000	0,0000	22,5000	0,0000	1,0000	7,0000	65,0000	0,0000	73,0000	0,0000	1,0000	6,0000	0,0000	1,0000
6795,0940	0,0000	22,5000	0,0000	22,5000	0,0000	0,0000	6,0000	36,0000	0,0000	42,0000	0,0000	1,0000	5,0000	0,0000	1,0000
6796,2030	0,0000	22,5000	0,0000	22,5000	0,0000	7,0000	87,0000	826,0000	0,0000	920,0000	0,0000	1,0000	57,0000	0,0000	1,0000
6797,3430	0,0000	22,5000	0,0000	22,5000	0,0000	0,0000	1,0000	6,0000	0,0000	7,0000	0,0000	1,0000	1,0000	0,0000	1,0000
6798,5030	0,0000	22,5000	0,0000	22,5000	0,0000	0,0000	7,0000	65,0000	0,0000	72,0000	0,0000	1,0000	6,0000	0,0000	1,0000
6799,6230	0,0000	22,5000	0,0000	22,5000	0,0000	0,0000	5,0000	47,0000	0,0000	52,0000	0,0000	1,0000	4,0000	0,0000	1,0000
6800,7430	0,0000	22,5000	0,0000	22,5000	0,0000	0,0000	4,0000	8,0000	0,0000	12,0000	0,0000	1,0000	4,0000	0,0000	1,0000
6801,8960	0,0000	22,5000	0,0000	22,5000	0,0000	1,0000	8,0000	58,0000	0,0000	67,0000	0,0000	1,0000	5,0000	0,0000	1,0000
6803,0130	0,0000	22,5000	0,0000	22,5000	0,0000	1,0000	11,0000	117,0000	0,0000	129,0000	0,0000	1,0000	7,0000	0,0000	1,0000
6804,1530	0,0000	22,5000	0,0000	22,5000	0,0000	3,0000	46,0000	438,0000	0,0000	487,0000	0,0000	1,0000	30,0000	0,0000	1,0000
6805,3920	0,0000	22,5000	0,0000	22,5000	0,0000	2,0000	30,0000	248,0000	0,0000	280,0000	1,0000	0,0000	20,0000	0,0000	1,0000
6806,5630	0,0000	22,5000	0,0000	22,5000	0,0000	2,0000	9,0000	110,0000	0,0000	121,0000	0,0000	1,0000	8,0000	0,0000	1,0000
6807,7430	0,0000	22,5000	0,0000	22,5000	0,0000	1,0000	8,0000	71,0000	0,0000	80,0000	0,0000	1,0000	4,0000	0,0000	1,0000
6808,9220	0,0000	22,5000	0,0000	22,5000	0,0000	3,0000	33,0000	226,0000	0,0000	262,0000	0,0000	1,0000	24,0000	0,0000	1,0000
6810,0330	0,0000	22,5000	0,0000	22,5000	0,0000	2,0000	8,0000	149,0000	0,0000	159,0000	0,0000	1,0000	5,0000	0,0000	1,0000
6811,1530	0,0000	22,5000	0,0000	22,5000	0,0000	0,0000	1,0000	1,0000	0,0000	2,0000	0,0000	1,0000	1,0000	0,0000	1,0000
6812,2730	0,0000	22,5000	0,0000	22,5000	0,0000	2,0000	42,0000	393,0000	0,0000	437,0000	0,0000	1,0000	27,0000	0,0000	1,0000
6813,3930	0,0000	22,5000	0,0000	22,5000	0,0000	0,0000	3,0000	32,0000	0,0000	35,0000	0,0000	1,0000	3,0000	0,0000	1,0000
6814,5130	0,0000	22,5000	0,0000	22,5000	0,0000	0,0000	2,0000	17,0000	0,0000	19,0000	0,0000	1,0000	2,0000	0,0000	1,0000
6815,6220	0,0000	22,5000	0,0000	22,5000	0,0000	1,0000	1,0000	9,0000	0,0000	11,0000	0,0000	1,0000	1,0000	0,0000	1,0000
6816,7530	0,0000	22,5000	0,0000	22,5000	0,0000	0,0000	10,0000	68,0000	0,0000	78,0000	0,0000	1,0000	7,0000	0,0000	1,0000
6817,9330	0,0000	22,5000	0,0000	22,5000	0,0000	0,0000	8,0000	80,0000	0,0000	88,0000	0,0000	1,0000	5,0000	0,0000	1,0000
6819,0520	0,0000	22,5000	0,0000	22,5000	0,0000	1,0000	16,0000	120,0000	0,0000	137,0000	0,0000	1,0000	14,0000	0,0000	1,0000
6820,1730	0,0000	22,5000	0,0000	22,5000	0,0000	0,0000	1,0000	3,0000	0,0000	4,0000	0,0000	1,0000	1,0000	0,0000	1,0000
6821,2930	0,0000	22,5000	0,0000	22,5000	0,0000	0,0000	2,0000	50,0000	0,0000	52,0000	0,0000	1,0000	2,0000	0,0000	1,0000
6822,4120	0,0000	22,5000	0,0000	22,5000	0,0000	7,0000	28,0000	307,0000	0,0000	342,0000	1,0000	0,0000	17,0000	0,0000	1,0000
6823,5330	0,0000	22,5000	0,0000	22,5000	0,0000	0,0000	11,0000	112,0000	0,0000	123,0000	0,0000	1,0000	7,0000	0,0000	1,0000
6824,6810	0,0000	22,5000	0,0000	22,5000	0,0000	0,0000	3,0000	11,0000	0,0000	14,0000	0,0000	1,0000	2,0000	0,0000	1,0000
6825,7930	0,0000	22,5000	0,0000	22,5000	0,0000	0,0000	3,0000	12,0000	0,0000	15,0000	0,0000	1,0000	3,0000	0,0000	1,0000
6826,9430	0,0000	22,5000	0,0000	22,5000	0,0000	2,0000	18,0000	133,0000	0,0000	153,0000	1,0000	0,0000	13,0000	0,0000	1,0000
6828,1320	0,0000	22,5000	0,0000	22,5000	0,0000	2,0000	10,0000	100,0000	0,0000	112,0000	1,0000	0,0000	7,0000	0,0000	1,0000
6829,2520	0,0000	22,5000	0,0000	22,5000	0,0000	4,0000	44,0000	384,0000	0,0000	432,0000	0,0000	1,0000	26,0000	0,0000	1,0000
6830,3720	0,0000	22,5000	0,0000	22,5000	0,0000	0,0000	1,0000	2,0000	0,0000	3,0000	0,0000	1,0000	1,0000	0,0000	1,0000
6831,4880	0,0000	22,5000	0,0000	22,5000	0,0000	2,0000	21,0000	208,0000	0,0000	231,0000	0,0000	1,0000	17,0000	0,0000	1,0000
6832,6020	0,0000	22,5000	0,0000	22,5000	0,0000	1,0000	6,0000	40,0000	0,0000	47,0000	0,0000	1,0000	6,0000	0,0000	1,0000
6833,7520	0,0000	22,5000	0,0000	22,5000	0,0000	0,0000	7,0000	89,0000	0,0000	96,0000	0,0000	1,0000	4,0000	0,0000	1,0000
6834,9430	0,0000	22,5000	0,0000	22,5000	0,0000	1,0000	12,0000	114,0000	0,0000	127,0000	0,0000	1,0000	10,0000	0,0000	1,0000
6836,1330	0,0000	22,5000	0,0000	22,5000	0,0000	0,0000	1,0000	17,0000	0,0000	18,0000	0,0000	1,0000	1,0000	0,0000	1,0000
6837,2520	0,0000	22,5000	0,0000	22,5000	0,0000	0,0000	13,0000	60,0000	0,0000	73,0000	0,0000	1,0000	11,0000	0,0000	1,0000
6838,3720	0,0000	22,5000	0,0000	22,5000	0,0000	1,0000	12,0000	97,0000	0,0000	110,0000	0,0000	1,0000	9,0000	0,0000	1,0000
6839,5000	0,0000	22,5000	0,0000	22,5000	0,0000	0,0000	3,0000	20,0000	0,0000	23,0000	0,0000	1,0000	2,0000	0,0000	1,0000
6840,6130	0,0000	22,5000	0,0000	22,5000	0,0000	0,0000	15,0000	128,0000	0,0000	143,0000	0,0000	1,0000	12,0000	0,0000	1,0000
6841,7620	0,0000	22,5000	0,0000	22,5000	0,0000	1,0000	7,0000	56,0000	0,0000	64,0000	0,0000	1,0000	6,0000	0,0000	1,0000
6842,9420	0,0000	22,5000	0,0000	22,5000	0,0000	0,0000	7,0000	77,0000	0,0000	84,0000	0,0000	1,0000	4,0000	0,0000	1,0000
6844,0520	0,0000	22,5000	0,0000	22,5000	0,0000	2,0000	4,0000	25,0000	0,0000	31,0000	1,0000	0,0000	3,0000	0,0000	1,0000
6845,1730	0,0000	22,5000	0,0000	22,5000	0,0000	2,0000	49,0000	404,0000	0,0000	455,0000	0,0000	1,0000	33,0000	0,0000	1,0000
6846,3030	0,0000	22,5000	0,0000	22,5000	0,0000	0,0000	10,0000	122,0000	0,0000	132,0000	0,0000	1,0000	7,0000	0,0000	1,0000
6847,4140	0,0000	22,5000	0,0000	22,5000	0,0000	0,0000	11,0000	140,0000	0,0000	151,0000	0,0000	1,0000	7,0000	0,0000	1,0000
6848,5530	0,0000	22,5000	0,0000	22,5000	0,0000	2,0000	4,0000	37,0000	0,0000	43,0000	0,0000	1,0000	2,0000	0,0000	1,0000
6849,7630	0,0000	22,5000	0,0000	22,5000	0,0000	0,0000	2,0000	7,0000	0,0000	9,0000	0,0000	1,0000	1,0000	0,0000	1,0000
6850,9630	0,0000	22,5000	0,0000	22,5000	0,0000	0,0000	6,0000	44,0000	0,0000	50,0000	0,0000	1,0000	4,0000	0,0000	1,0000
6852,1620	0,0000	22,5000	0,0000	22,5000	0,0000	1,0000	13,0000	85,0000	0,0000	99,0000	0,0000	1,0000	7,0000	0,0000	1,0000
6853,3530	0,0000	22,5000	0,0000	22,5000	0,0000	3,0000	9,0000	97,0000	0,0000	109,0000	0,0000	1,0000	6,0000	0,0000	1,0000
6854,5430	0,0000	22,5000	0,0000	22,5000	0,0000	2,0000	12,0000	82,0000	0,0000	96,0000	0,0000	1,0000	9,0000	0,0000	1,0000
6855,7330	0,0000	22,5000	0,0000	22,5000	0,0000	2,0000	9,0000	47,0000	0,0000	58,0000	0,0000	1,0000	7,0000	0,0000	1,0000
6856,9230	0,0000	22,5000	0,0000	22,5000	0,0000	0,0000	1,0000	1,0000	0,0000	2,0000	0,0000	1,0000	1,0000	0,0000	1,0000
6858,0430	0,0000	22,5000	0,0000	22,5000	0,0000	0,0000	2,0000	18,0000	0,0000	20,0000	0,0000	1,0000	1,0000	0,0000	1,0000
6859,1620	0,0000	22,5000	0,0000	22,5000	0,0000	0,0000	1,0000	15,0000	0,0000	16,0000	0,0000	1,0000	1,0000	0,0000	1,0000
6860,2980	0,0000	22,5000	0,0000	22,5000	0,0000	1,0000	7,0000	69,0000	0,0000	77,0000	0,0000	1,0000	5,0000	0,0000	1,0000
6861,4140	0,0000	22,5000	0,0000	22,5000	0,0000	2,0000	15,0000	154,0000	0,0000	171,0000	0,0000	1,0000	12,0000	0,0000	1,0000
6862,5630	0,0000	22,5000	0,0000	22,5000	0,0000	4,0000	12,0000	124,0000	0,0000	140,0000	0,0000	1,0000	7,0000	0,0000	1,0000
6863,7630	0,0000	22,5000	0,0000	22,5000	0,0000	1,0000	3,0000	54,0000	0,0000	58,0000	1,0000	0,0000	3,0000	0,0000	1,0000
6864,9870	0,0000	22,5000	0,0000	22,5000	0,0000	0,0000	1,0000	2,0000	0,0000	3,0000	0,0000	1,0000	1,0000	0,0000	1,0000
6866,1720	0,0000	22,5000	0,0000	22,5000	0,0000	1,0000	8,0000	62,0000	0,0000	71,0000	0,0000	1,0000	7,0000	0,0000	1,0000
6867,3630	0,0000	22,5000	0,0000	22,5000	0,0000	0,0000	2,0000	3,0000	0,0000	5,0000	0,0000	1,0000	2,0000	0,0000	1,0000
6868,5430	0,0000	22,5000	0,0000	22,5000	0,0000	0,0000	3,0000	15,0000	0,0000	18,0000	0,0000	1,0000	3,0000	0,0000	1,0000
6869,7440	0,0000	22,5000	0,0000	22,5000	0,0000	0,0000	3,0000	13,0000	0,0000	16,0000	0,0000	1,0000	1,0000	0,0000	1,0000
6870,8530	0,0000	22,5000	0,0000	22,5000	0,0000	0,0000	2,0000	17,0000	0,0000	19,0000	0,0000	1,0000	1,0000	0,0000	1,0000
6871,9620	0,0000	22,5000	0,0000	22,5000	0,0000	0,0000	10,0000	118,0000	0,0000	128,0000	0,0000	1,0000	8,0000	0,0000	1,0000
6873,0890	0,0000	22,5000	0,0000	22,5000	0,0000	1,0000	13,0000	124,0000	0,0000	138,0000	0,0000	1,0000	9,0000	0,0000	1,0000
6874,2020	0,0000	22,5000	0,0000	22,5000	0,0000	5,0000	30,0000	298,0000	0,0000	333,0000	0,0000	1,0000	21,0000	0,0000	1,0000
6875,3730	0,0000	22,5000	0,0000	22,5000	0,0000	0,0000	10,0000	92,0000	0,0000	102,0000	0,0000	1,0000	6,0000	0,0000	1,0000
6876,5530	0,0000	22,5000	0,0000	22,5000	0,0000	2,0000	18,0000	201,0000	0,0000	221,0000	0,0000	1,0000	7,0000	0,0000	1,0000
6877,8030	0,0000	22,5000	0,0000	22,5000	0,0000	0,0000	17,0000	123,0000	0,0000	140,0000	0,0000	1,0000	15,0000	0,0000	1,0000
6878,9630	0,0000	22,5000	0,0000	22,5000	0,0000	0,0000	3,0000	31,0000	0,0000	34,0000	0,0000	1,0000	2,0000	0,0000	1,0000
6880,1530	0,0000	22,5000	0,0000	22,5000	0,0000	1,0000	23,0000	210,0000	0,0000	234,0000	0,0000	1,0000	15,0000	0,0000	1,0000
6881,4220	0,0000	22,5000	0,0000	22,5000	0,0000	0,0000	2,0000	26,0000	0,0000	28,0000	0,0000	1,0000	2,0000	0,0000	1,0000
6882,5620	0,0000	22,5000	0,0000	22,5000	0,0000	0,0000	1,0000	2,0000	0,0000	3,0000	0,0000	1,0000	1,0000	0,0000	1,0000
6883,7220	0,0000	22,5000	0,0000	22,5000	0,0000	1,0000	12,0000	138,0000	0,0000	151,0000	0,0000	1,0000	8,0000	0,0000	1,0000
6884,8430	0,0000	22,5000	0,0000	22,5000	0,0000	0,0000	1,0000	4,0000	0,0000	5,0000	0,0000	1,0000	1,0000	0,0000	1,0000
6885,9630	0,0000	22,5000	0,0000	22,5000	0,0000	1,0000	5,0000	33,0000	0,0000	39,0000	0,0000	1,0000	4,0000	0,0000	1,0000
6887,1130	0,0000	22,5000	0,0000	22,5000	0,0000	3,0000	5,0000	115,0000	0,0000	123,0000	0,0000	1,0000	4,0000	0,0000	1,0000
6888,2290	0,0000	22,5000	0,0000	22,5000	0,0000	1,0000	2,0000	13,0000	0,0000	16,0000	0,0000	1,0000	1,0000	0,0000	1,0000
6889,3730	0,0000	22,5000	0,0000	22,5000	0,0000	1,0000	6,0000	106,0000	0,0000	113,0000	0,0000	1,0000	4,0000	0,0000	1,0000
6890,5830	0,0000	22,5000	0,0000	22,5000	0,0000	0,0000	2,0000	37,0000	0,0000	39,0000	0,0000	1,0000	2,0000	0,0000	1,0000
6891,7830	0,0000	22,5000	0,0000	22,5000	0,0000	1,0000	5,0000	40,0000	0,0000	46,0000	0,0000	1,0000	4,0000	0,0000	1,0000
6892,9830	0,0000	22,5000	0,0000	22,5000	0,0000	1,0000	15,0000	119,0000	0,0000	135,0000	0,0000	1,0000	12,0000	0,0000	1,0000
6894,1630	0,0000	22,5000	0,0000	22,5000	0,0000	0,0000	7,0000	67,0000	0,0000	74,0000	0,0000	1,0000	4,0000	0,0000	1,0000
6895,3720	0,0000	22,5000	0,0000	22,5000	0,0000	0,0000	3,0000	3,0000	0,0000	6,0000	0,0000	1,0000	1,0000	0,0000	1,0000
6896,5620	0,0000	22,5000	0,0000	22,5000	0,0000	2,0000	16,0000	123,0000	0,0000	141,0000	0,0000	1,0000	8,0000	0,0000	1,0000
6897,7630	0,0000	22,5000	0,0000	22,5000	0,0000	0,0000	11,0000	113,0000	0,0000	124,0000	0,0000	1,0000	8,0000	0,0000	1,0000
6898,9730	0,0000	22,5000	0,0000	22,5000	0,0000	1,0000	2,0000	16,0000	0,0000	19,0000	0,0000	1,0000	1,0000	0,0000	1,0000
6900,1730	0,0000	22,5000	0,0000	22,5000	0,0000	3,0000	25,0000	255,0000	0,0000	283,0000	0,0000	1,0000	17,0000	0,0000	1,0000
6901,3820	0,0000	22,5000	0,0000	22,5000	0,0000	4,0000	5,0000	78,0000	0,0000	87,0000	0,0000	1,0000	3,0000	0,0000	1,0000
6902,5630	0,0000	22,5000	0,0000	22,5000	0,0000	3,0000	4,0000	140,0000	0,0000	147,0000	1,0000	0,0000	3,0000	0,0000	1,0000
6903,7620	0,0000	22,5000	0,0000	22,5000	0,0000	0,0000	3,0000	21,0000	0,0000	24,0000	0,0000	1,0000	3,0000	0,0000	1,0000
6904,9330	0,0000	22,5000	0,0000	22,5000	0,0000	0,0000	1,0000	12,0000	0,0000	13,0000	0,0000	1,0000	1,0000	0,0000	1,0000
6906,0530	0,0000	22,5000	0,0000	22,5000	0,0000	0,0000	1,0000	1,0000	0,0000	2,0000	0,0000	1,0000	1,0000	0,0000	1,0000
6907,1620	0,0000	22,5000	0,0000	22,5000	0,0000	0,0000	9,0000	61,0000	0,0000	70,0000	0,0000	1,0000	7,0000	0,0000	1,0000
6908,3170	0,0000	22,5000	0,0000	22,5000	0,0000	3,0000	34,0000	345,0000	0,0000	382,0000	0,0000	1,0000	23,0000	0,0000	1,0000
6909,5040	0,0000	22,5000	0,0000	22,5000	0,0000	3,0000	14,0000	146,0000	0,0000	163,0000	1,0000	0,0000	8,0000	0,0000	1,0000
6910,6140	0,0000	22,5000	0,0000	22,5000	0,0000	0,0000	8,0000	49,0000	0,0000	57,0000	0,0000	1,0000	5,0000	0,0000	1,0000
6911,7620	0,0000	22,5000	0,0000	22,5000	0,0000	2,0000	15,0000	93,0000	0,0000	110,0000	0,0000	1,0000	10,0000	0,0000	1,0000
6912,9620	0,0000	22,5000	0,0000	22,5000	0,0000	0,0000	16,0000	158,0000	0,0000	174,0000	0,0000	1,0000	14,0000	0,0000	1,0000
6914,1730	0,0000	22,5000	0,0000	22,5000	0,0000	2,0000	16,0000	163,0000	0,0000	181,0000	0,0000	1,0000	11,0000	0,0000	1,0000
6915,3620	0,0000	22,5000	0,0000	22,5000	0,0000	1,0000	26,0000	233,0000	0,0000	260,0000	0,0000	1,0000	17,0000	0,0000	1,0000
6916,5630	0,0000	22,5000	0,0000	22,5000	0,0000	1,0000	9,0000	149,0000	0,0000	159,0000	0,0000	1,0000	4,0000	0,0000	1,0000
6917,7630	0,0000	22,5000	0,0000	22,5000	0,0000	0,0000	2,0000	13,0000	0,0000	15,0000	0,0000	1,0000	2,0000	0,0000	1,0000
6918,9730	0,0000	22,5000	0,0000	22,5000	0,0000	4,0000	17,0000	220,0000	0,0000	241,0000	0,0000	1,0000	13,0000	0,0000	1,0000
6920,1830	0,0000	22,5000	0,0000	22,5000	0,0000	0,0000	9,0000	108,0000	0,0000	117,0000	0,0000	1,0000	8,0000	0,0000	1,0000
6921,3630	0,0000	22,5000	0,0000	22,5000	0,0000	0,0000	2,0000	15,0000	0,0000	17,0000	0,0000	1,0000	2,0000	0,0000	1,0000
6922,5730	0,0000	22,5000	0,0000	22,5000	0,0000	1,0000	26,0000	218,0000	0,0000	245,0000	0,0000	1,0000	18,0000	0,0000	1,0000
6923,7620	0,0000	22,5000	0,0000	22,5000	0,0000	0,0000	3,0000	41,0000	0,0000	44,0000	0,0000	1,0000	3,0000	0,0000	1,0000
6924,9630	0,0000	22,5000	0,0000	22,5000	0,0000	1,0000	33,0000	317,0000	0,0000	351,0000	0,0000	1,0000	21,0000	0,0000	1,0000
6926,1330	0,0000	22,5000	0,0000	22,5000	0,0000	0,0000	10,0000	40,0000	0,0000	50,0000	0,0000	1,0000	5,0000	0,0000	1,0000
6927,2530	0,0000	22,5000	0,0000	22,5000	0,0000	4,0000	4,0000	33,0000	0,0000	41,0000	0,0000	1,0000	3,0000	0,0000	1,0000
6928,3720	0,0000	22,5000	0,0000	22,5000	0,0000	0,0000	6,0000	53,0000	0,0000	59,0000	0,0000	1,0000	4,0000	0,0000	1,0000
6929,5400	0,0000	22,5000	0,0000	22,5000	0,0000	4,0000	9,0000	153,0000	0,0000	166,0000	0,0000	1,0000	4,0000	0,0000	1,0000
6930,7090	0,0000	22,5000	0,0000	22,5000	0,0000	1,0000	10,0000	61,0000	0,0000	72,0000	0,0000	1,0000	8,0000	0,0000	1,0000
6931,9120	0,0000	22,5000	0,0000	22,5000	0,0000	1,0000	14,0000	88,0000	0,0000	103,0000	0,0000	1,0000	10,0000	0,0000	1,0000
6933,0230	0,0000	22,5000	0,0000	22,5000	0,0000	1,0000	10,0000	90,0000	0,0000	101,0000	0,0000	1,0000	9,0000	0,0000	1,0000
6934,1930	0,0000	22,5000	0,0000	22,5000	0,0000	0,0000	1,0000	12,0000	0,0000	13,0000	0,0000	1,0000	1,0000	0,0000	1,0000
6935,3730	0,0000	22,5000	0,0000	22,5000	0,0000	2,0000	6,0000	53,0000	0,0000	61,0000	0,0000	1,0000	4,0000	0,0000	1,0000
6936,5630	0,0000	22,5000	0,0000	22,5000	0,0000	2,0000	7,0000	63,0000	0,0000	72,0000	0,0000	1,0000	5,0000	0,0000	1,0000
6937,7420	0,0000	22,5000	0,0000	22,5000	0,0000	0,0000	15,0000	145,0000	0,0000	160,0000	0,0000	1,0000	12,0000	0,0000	1,0000
6938,9730	0,0000	22,5000	0,0000	22,5000	0,0000	1,0000	4,0000	91,0000	0,0000	96,0000	0,0000	1,0000	3,0000	0,0000	1,0000
6940,1930	0,0000	22,5000	0,0000	22,5000	0,0000	0,0000	6,0000	53,0000	0,0000	59,0000	0,0000	1,0000	3,0000	0,0000	1,0000
